,prot_name,species_name,preparation,Prot_Helix_1_distance,Prot_Helix_2_distance,Prot_Helix_3_distance,Prot_Helix_4_distance,Prot_Helix_5_distance,Prot_Helix_6_distance,Prot_Helix_7_distance,Prot_Helix_8_distance,Prot_Helix_9_distance,Prot_Helix_10_distance,Prot_Helix_11_distance,Prot_Helix_12_distance,Pairwise_sep_between_hel_1_and_hel_2,Pairwise_sep_between_hel_1_and_hel_3,Pairwise_sep_between_hel_1_and_hel_4,Pairwise_sep_between_hel_1_and_hel_5,Pairwise_sep_between_hel_1_and_hel_6,Pairwise_sep_between_hel_1_and_hel_7,Pairwise_sep_between_hel_1_and_hel_8,Pairwise_sep_between_hel_1_and_hel_9,Pairwise_sep_between_hel_1_and_hel_10,Pairwise_sep_between_hel_1_and_hel_11,Pairwise_sep_between_hel_1_and_hel_12,Pairwise_sep_between_hel_2_and_hel_3,Pairwise_sep_between_hel_2_and_hel_4,Pairwise_sep_between_hel_2_and_hel_5,Pairwise_sep_between_hel_2_and_hel_6,Pairwise_sep_between_hel_2_and_hel_7,Pairwise_sep_between_hel_2_and_hel_8,Pairwise_sep_between_hel_2_and_hel_9,Pairwise_sep_between_hel_2_and_hel_10,Pairwise_sep_between_hel_2_and_hel_11,Pairwise_sep_between_hel_2_and_hel_12,Pairwise_sep_between_hel_3_and_hel_4,Pairwise_sep_between_hel_3_and_hel_5,Pairwise_sep_between_hel_3_and_hel_6,Pairwise_sep_between_hel_3_and_hel_7,Pairwise_sep_between_hel_3_and_hel_8,Pairwise_sep_between_hel_3_and_hel_9,Pairwise_sep_between_hel_3_and_hel_10,Pairwise_sep_between_hel_3_and_hel_11,Pairwise_sep_between_hel_3_and_hel_12,Pairwise_sep_between_hel_4_and_hel_5,Pairwise_sep_between_hel_4_and_hel_6,Pairwise_sep_between_hel_4_and_hel_7,Pairwise_sep_between_hel_4_and_hel_8,Pairwise_sep_between_hel_4_and_hel_9,Pairwise_sep_between_hel_4_and_hel_10,Pairwise_sep_between_hel_4_and_hel_11,Pairwise_sep_between_hel_4_and_hel_12,Pairwise_sep_between_hel_5_and_hel_6,Pairwise_sep_between_hel_5_and_hel_7,Pairwise_sep_between_hel_5_and_hel_8,Pairwise_sep_between_hel_5_and_hel_9,Pairwise_sep_between_hel_5_and_hel_10,Pairwise_sep_between_hel_5_and_hel_11,Pairwise_sep_between_hel_5_and_hel_12,Pairwise_sep_between_hel_6_and_hel_7,Pairwise_sep_between_hel_6_and_hel_8,Pairwise_sep_between_hel_6_and_hel_9,Pairwise_sep_between_hel_6_and_hel_10,Pairwise_sep_between_hel_6_and_hel_11,Pairwise_sep_between_hel_6_and_hel_12,Pairwise_sep_between_hel_7_and_hel_8,Pairwise_sep_between_hel_7_and_hel_9,Pairwise_sep_between_hel_7_and_hel_10,Pairwise_sep_between_hel_7_and_hel_11,Pairwise_sep_between_hel_7_and_hel_12,Pairwise_sep_between_hel_8_and_hel_9,Pairwise_sep_between_hel_8_and_hel_10,Pairwise_sep_between_hel_8_and_hel_11,Pairwise_sep_between_hel_8_and_hel_12,Pairwise_sep_between_hel_9_and_hel_10,Pairwise_sep_between_hel_9_and_hel_11,Pairwise_sep_between_hel_9_and_hel_12,Pairwise_sep_between_hel_10_and_hel_11,Pairwise_sep_between_hel_10_and_hel_12,Pairwise_sep_between_hel_11_and_hel_12,COM_helix_x_num_1,COM_helix_y_num_1,COM_helix_z_num_1,COM_helix_x_num_2,COM_helix_y_num_2,COM_helix_z_num_2,COM_helix_x_num_3,COM_helix_y_num_3,COM_helix_z_num_3,COM_helix_x_num_4,COM_helix_y_num_4,COM_helix_z_num_4,COM_helix_x_num_5,COM_helix_y_num_5,COM_helix_z_num_5,COM_helix_x_num_6,COM_helix_y_num_6,COM_helix_z_num_6,COM_helix_x_num_7,COM_helix_y_num_7,COM_helix_z_num_7,COM_helix_x_num_8,COM_helix_y_num_8,COM_helix_z_num_8,COM_helix_x_num_9,COM_helix_y_num_9,COM_helix_z_num_9,COM_helix_x_num_10,COM_helix_y_num_10,COM_helix_z_num_10,COM_helix_x_num_11,COM_helix_y_num_11,COM_helix_z_num_11,COM_helix_x_num_12,COM_helix_y_num_12,COM_helix_z_num_12,dist_between_COM_clamp_1,dist_between_COM_clamp_2,dist_between_COM_clamp_3,Angle_between_COM_and_Calpha_of_hel_1,Angle_between_COM_and_Calpha_of_hel_2,Angle_between_COM_and_Calpha_of_hel_3,Angle_between_COM_and_Calpha_of_hel_4,Angle_between_COM_and_Calpha_of_hel_5,Angle_between_COM_and_Calpha_of_hel_6,Angle_between_COM_and_Calpha_of_hel_7,Angle_between_COM_and_Calpha_of_hel_8,Angle_between_COM_and_Calpha_of_hel_9,Angle_between_COM_and_Calpha_of_hel_10,Angle_between_COM_and_Calpha_of_hel_11,Angle_between_COM_and_Calpha_of_hel_12,COM_x,COM_y,COM_z,Helix,Beta bridge,Strand,Helix-3,Helix-5,Turn,Bend,Other,len_of_hel_1,len_of_hel_2,len_of_hel_3,len_of_hel_4,len_of_hel_5,len_of_hel_6,len_of_hel_7,len_of_hel_8,len_of_hel_9,len_of_hel_10,len_of_hel_11,len_of_hel_12,cos_between_hel_1_and_hel_2,cos_between_hel_1_and_hel_3,cos_between_hel_1_and_hel_4,cos_between_hel_1_and_hel_5,cos_between_hel_1_and_hel_6,cos_between_hel_1_and_hel_7,cos_between_hel_1_and_hel_8,cos_between_hel_1_and_hel_9,cos_between_hel_1_and_hel_10,cos_between_hel_1_and_hel_11,cos_between_hel_1_and_hel_12,cos_between_hel_2_and_hel_3,cos_between_hel_2_and_hel_4,cos_between_hel_2_and_hel_5,cos_between_hel_2_and_hel_6,cos_between_hel_2_and_hel_7,cos_between_hel_2_and_hel_8,cos_between_hel_2_and_hel_9,cos_between_hel_2_and_hel_10,cos_between_hel_2_and_hel_11,cos_between_hel_2_and_hel_12,cos_between_hel_3_and_hel_4,cos_between_hel_3_and_hel_5,cos_between_hel_3_and_hel_6,cos_between_hel_3_and_hel_7,cos_between_hel_3_and_hel_8,cos_between_hel_3_and_hel_9,cos_between_hel_3_and_hel_10,cos_between_hel_3_and_hel_11,cos_between_hel_3_and_hel_12,cos_between_hel_4_and_hel_5,cos_between_hel_4_and_hel_6,cos_between_hel_4_and_hel_7,cos_between_hel_4_and_hel_8,cos_between_hel_4_and_hel_9,cos_between_hel_4_and_hel_10,cos_between_hel_4_and_hel_11,cos_between_hel_4_and_hel_12,cos_between_hel_5_and_hel_6,cos_between_hel_5_and_hel_7,cos_between_hel_5_and_hel_8,cos_between_hel_5_and_hel_9,cos_between_hel_5_and_hel_10,cos_between_hel_5_and_hel_11,cos_between_hel_5_and_hel_12,cos_between_hel_6_and_hel_7,cos_between_hel_6_and_hel_8,cos_between_hel_6_and_hel_9,cos_between_hel_6_and_hel_10,cos_between_hel_6_and_hel_11,cos_between_hel_6_and_hel_12,cos_between_hel_7_and_hel_8,cos_between_hel_7_and_hel_9,cos_between_hel_7_and_hel_10,cos_between_hel_7_and_hel_11,cos_between_hel_7_and_hel_12,cos_between_hel_8_and_hel_9,cos_between_hel_8_and_hel_10,cos_between_hel_8_and_hel_11,cos_between_hel_8_and_hel_12,cos_between_hel_9_and_hel_10,cos_between_hel_9_and_hel_11,cos_between_hel_9_and_hel_12,cos_between_hel_10_and_hel_11,cos_between_hel_10_and_hel_12,cos_between_hel_11_and_hel_12,dist_clamp_1,dist_clamp_2,dist_clamp_3,clamp_angle_1-2,clamp_angle_1-3,clamp_angle_2-3
0,rat.6K5O.pdb,rat,1,18.9607948123588,9.245279855610866,8.551828150118897,12.64349161111835,10.45292889720328,19.452347577781552,9.94212719888831,24.492727886883504,15.771120154149875,,,,22.5637366683867,19.69277954323736,28.418480707857274,10.273178375472153,11.954480408873101,25.66756881095922,41.90350580043346,29.681659792971836,11.302325132798407,19.344043242606215,17.412298083918397,26.240576800888633,17.23778863588641,20.1813026192394,10.37079837775276,19.329499175154872,13.326692341626156,18.502646962754802,11.821722280264085,24.292544267756224,12.45348717141939,18.50396055237649,26.227048620721057,10.193519609407385,26.323639487546295,24.12150830430746,10.465254754942151,15.817232339818892,34.756385537972825,24.305976758108038,21.20938587306557,42.210591060509245,30.834029747022953,24.35628144021317,18.88430560695803,14.171267690897976,,,,,,,,,,,,,,,,,,,,,,,,,,,,,,,27.049343142334653,2.151228256353611,2.7814528379257237,9.426715795829383,1.7113161426782875,16.86590153777709,16.346918872629974,-7.212816541330922,16.404167175264718,22.646495987254422,4.053365657519392,30.792287455604367,26.371771165967868,0.8603708381850708,12.950660146121889,33.255428263259724,-5.9586748578497755,8.996240106706324,21.69545939961644,-5.2623410543672415,26.76475969102507,-2.0725619630090826,-4.905472350367515,32.07345546576626,4.308692539158261,-6.891528640525589,19.577056010003755,,,,,,,,,,15.211753412984613,11.864179646418686,17.18666862324059,38.58525711746136,-26.60932739955455,-30.324586819738226,14.405237357388026,4.956299348244648,8.33055602468129,-44.14799150346395,57.13341285758637,51.88109764078158,,,,18.216867361441672,0.5436516217385007,19.482195601651856,56.32183908045977,0.0,2.681992337164751,3.8314176245210727,0.0,15.708812260536398,8.045977011494253,13.409961685823754,,,,,,,,,,,,,,,,,,,,,,,,,,,,,,,,,,,,,,,,,,,,,,,,,,,,,,,,,,,,,,,,,,,,,,,,,,,,,,,18.842614859260006,13.643594817706957,8.760951151556435,41.923389805334836,25.406009973261163,112.67060022140399
1,rat.5XPM.pdb,rat,1,18.333463166083636,9.137549356216415,8.426889043386367,17.854205328309796,12.953521206373239,10.737690342527701,19.672396426741077,9.96865686507256,23.79433205340052,15.341043974625503,,,22.016868652691603,19.03025973481885,34.55677314888142,28.11021789180178,9.98540816077631,12.998079942941178,25.216943996648205,40.56153259572782,28.371084926475874,11.874429238024844,17.892750240253843,19.167124607819765,17.861602861790033,26.838360106131073,17.28197072774261,19.390778081994483,10.293538016635221,24.245254936296742,19.54049085993979,13.399668900187766,18.424834768077478,11.833943268546145,23.98443756807304,12.278953764404358,12.39019671207593,26.899039541622827,36.2126250484776,18.799388430907953,18.94873066818223,22.637736311035727,18.710282379539635,26.39229129255757,10.347532870599306,25.852249827652013,24.334536382170903,10.612216518440865,15.814417913591301,34.39493965506837,24.139147071928925,21.029916742208762,41.767869327962174,30.560462216426654,23.989580809953,18.996436138871083,14.387108963667949,,,,,,,,,,,,,,,,,,,,,,25.53210574136346,2.041368090046489,3.535698855047221,8.825804685214951,2.4210839355829052,17.87089422057517,15.663732176644386,-7.238399430885195,16.90177170833074,11.384992453336846,9.146417515862547,34.25292576008706,22.315427606402242,4.0636570729240375,31.387946142660613,26.01176221614672,0.5175204967666384,13.392483032249835,32.62827136392342,-6.9224500169783,9.719911060693343,21.102506923040973,-5.337548157815628,27.238536530014418,-2.26241926389454,-3.8786400820554374,32.47798296478231,3.725232302275639,-6.345006779181091,19.630649841915766,,,,,,,15.270358729580678,11.751398843003692,16.818661056071374,30.02301985082159,-33.137902704420995,-30.01168087120958,53.847282366248336,17.00598900280905,6.1708723877373135,9.097413607313275,-42.83248943966532,57.112654982383134,51.53880575116787,,,17.496864150111403,0.40763586775258276,19.933310975663964,58.174904942965775,0.0,2.6615969581749046,3.041825095057034,0.0,14.068441064638785,8.365019011406844,13.688212927756654,,,,,,,,,,,,,,,,,,,,,,,,,,,,,,,,,,,,,,,,,,,,,,,,,,,,,,,,,,,,,,,,,,,,,,,,,,,,,,,18.5395732810944,13.702571390825906,8.692280670566577,44.08536968557816,26.189327592045295,109.72530272237655
2,rat.3VRW.pdb,rat,1,19.194025990319442,8.949545278985315,8.6104175205611,17.752275160197293,13.099688584963252,10.766495263841602,19.876683011099804,10.581929420800062,24.063523011912434,14.582367604367782,,,23.292286810047298,19.869943998060673,35.557712869560824,28.70090952291658,10.35986648327949,12.810390304195293,25.82475222477375,41.88622817102367,29.346900313904076,12.006124414211996,17.87923323940448,19.297375037990978,17.88771846423414,26.90405419753679,17.765423174458714,19.472667944591205,10.170132506458856,24.16655311160113,19.490533542457012,13.341299947328523,18.108093797456768,12.183411928437826,24.314185612548567,11.698810836581341,12.509268311410468,26.91662419459766,36.295695967966154,18.808152296643158,18.986692316354766,21.710612583123233,18.697085853905154,26.431345306609987,10.051666470834075,26.317302437180196,23.302145193338276,10.93827201660093,15.804777901489317,34.657785120401925,23.554580576412704,20.78299875896787,41.90352951222953,29.767283853558418,24.881701407941858,18.354656260829877,14.186057719938571,,,,,,,,,,,,,,,,,,,,,,-29.24547211164617,22.823395396135396,18.121785704912053,-11.351836392588744,23.26891552428866,3.2170905583957787,-18.45257943718749,13.637235057757271,4.195458104238131,-13.975580801107673,29.77288273576716,-13.229226871953312,-25.117813794124068,24.9606440562552,-10.200234216365637,-28.540784964928505,21.559615164919265,7.863466685510485,-35.034579645432075,13.530643838248409,11.4706878863957,-24.381636116959072,15.753333712534207,-6.23545458781851,-0.06348566222782023,16.988835778413545,-11.354063584434467,-7.371072345025808,14.311340751051702,0.5065616471996077,,,,,,,15.28370325293467,11.803025562363803,16.786238398237224,39.62273996740751,-33.77289768642693,-30.635349456997734,53.98706938686816,16.136574359450453,6.468680278023223,16.0525888658847,-37.475120695173125,57.14190553853559,47.93054620051918,,,-19.953899958588593,21.63077036484204,1.3690257479283752,57.47126436781609,0.0,2.681992337164751,5.363984674329502,0.0,14.17624521072797,6.896551724137931,13.409961685823754,,,,,,,,,,,,,,,,,,,,,,,,,,,,,,,,,,,,,,,,,,,,,,,,,,,,,,,,,,,,,,,,,,,,,,,,,,,,,,,18.740643387882404,13.732188977092678,8.728867082635636,43.114034714455535,25.749456144539625,111.13650914100485
3,rat.3VTD.pdb,rat,1,19.30061328004011,8.769943579085915,8.316486355248129,17.800204157109683,13.250796631362704,10.867600367380376,19.654867282407608,10.06193258990199,23.9112984370354,14.374333360540007,,,22.599149639317787,19.817987458789247,35.44693647163411,28.89040281825382,10.380549861186285,12.635886604695814,25.773859171275717,41.83006003917146,29.098958279943776,11.40410080859963,18.58581426749771,19.645563902319306,17.403439934063798,26.097758400444476,17.314983166276143,20.004826960372696,9.908880329102127,24.219103992297626,19.609225419871994,13.354542333362227,17.9973144585947,11.901062333255082,24.254573180372127,11.673235584644074,12.361449856445608,26.83145518153623,36.09845662451419,18.66631230494956,19.32390482656894,22.0173667612599,18.864871727802882,26.47761304877905,10.181270527133508,26.283990929162833,23.525936939697647,10.730260766983498,15.794037878809197,34.65442749877462,23.497425962423677,20.8156190240589,41.7372178721535,29.5964213591577,24.466468681764024,18.143540593171565,14.367117601082784,,,,,,,,,,,,,,,,,,,,,,27.092226612104522,0.45798778154500863,3.281854309588896,9.559161435505018,0.2381228627515601,17.538952518932728,16.452378924080136,-8.83969033528747,17.17787711210849,11.862100316076575,7.4295145923953605,34.521674606074235,22.885153451855345,2.54860099075767,31.78773522624791,26.473029218226355,-0.7830939146278174,13.56932854923654,32.931092781801745,-8.54955278787574,9.947998999687943,21.92705823578742,-6.642452300499305,27.513994183449515,-1.9785846264249338,-5.928337985828286,32.67329353953241,5.27460784875416,-8.19828668661379,20.480976287379303,,,,,,,15.16382266994882,11.533788081276464,16.69004137362177,39.63513751936452,-29.708077990782275,-30.015115425434754,53.86283336219856,17.94022219457677,7.702411426065961,15.962286242697287,-44.54126178517061,57.12015807607356,48.48309428208079,,,17.816686992362317,-1.1845246870675628,20.127630947628045,57.79467680608364,0.0,2.6615969581749046,3.802281368821293,0.0,14.44866920152091,7.604562737642586,13.688212927756654,,,,,,,,,,,,,,,,,,,,,,,,,,,,,,,,,,,,,,,,,,,,,,,,,,,,,,,,,,,,,,,,,,,,,,,,,,,,,,,18.53730764964141,13.73432329493482,8.915348598461005,44.81304905075748,27.226126272651424,107.96082467659113
4,rat.5XPP.pdb,rat,1,18.181483884102335,8.782423726597745,8.321224523198113,17.79786851156422,13.01360735417001,10.885674816857362,19.723226283462353,10.104835102699873,23.905094305738658,14.227975684761887,,,21.231302774573862,18.891435424500305,34.40055588028236,27.75931791579166,9.866446718224022,13.483488322878637,25.008860167684865,40.5114956799768,27.98314205868746,11.538233494117407,18.583823122755398,19.498402958774008,17.4745492681153,26.230312071250633,17.39183673823916,19.95709299205234,9.969483654182843,24.126923208348394,19.32788612919347,13.34531566954248,17.935595171555754,11.786980732062396,24.25207012919952,11.70802384447514,12.535851885391766,26.895997819812642,36.13983230391453,18.62280675266434,19.151902952213085,21.536562463187494,18.495082219724516,26.14714460573331,10.086020967433903,26.45824690639526,23.111741324113993,10.85941392094462,15.71896398273325,34.66140610601744,23.492221659577194,20.654824420710746,41.70603654478644,29.598381532518665,24.581804670181377,17.874300916342744,14.027868469852779,,,,,,,,,,,,,,,,,,,,,,25.88653893382581,2.1894635318803104,3.2216654062149077,9.644363902528202,2.0670955449384416,16.89444836485548,16.44555572742982,-7.2485446680294245,16.588720792987658,12.089467018483603,8.851689806359447,34.02188930966964,23.185944876015565,3.9966366382887157,30.790137403197,26.600679718484198,0.6004892445252286,12.933098590733323,32.882778857532486,-7.529935359467854,9.417661651694523,21.967869942812293,-5.1840858186139345,26.795334832112726,-2.0376709535075688,-3.9094743931494715,31.930945100828716,5.368795324403254,-6.2875569637932145,20.257467711084903,,,,,,,14.941138671220372,11.384036772202824,16.394943426752203,29.762344041982946,-29.82071048623411,-33.475672094039865,53.905258218909566,15.643808108715332,6.997729947362455,15.930054240188753,-43.47361556751715,57.04857722244389,47.950581467331375,,,17.8849829086132,0.430533978475995,19.452735125411404,59.00383141762452,0.0,2.681992337164751,3.065134099616858,0.0,14.942528735632186,8.812260536398467,11.494252873563218,,,,,,,,,,,,,,,,,,,,,,,,,,,,,,,,,,,,,,,,,,,,,,,,,,,,,,,,,,,,,,,,,,,,,,,,,,,,,,,18.46246710132786,13.798476025749334,8.814946143850772,45.49305117422703,27.103215902582097,107.40373292319087
5,rat.3VT7.pdb,rat,1,19.117721665751063,9.070443375025691,8.20732731991167,17.906029604980493,13.02899252526274,10.682463351428844,19.5737868352335,9.807818830800512,24.14190571728324,15.303843531391424,,,22.47150168131072,19.721137050664808,35.502833890734635,28.455835905233414,10.274836961132022,12.125997183089558,25.670883931156197,41.83603790676413,29.494915228566832,11.308691244908479,18.62162868341754,19.72925956655317,17.381371786072812,26.19496728265875,17.28732841507914,20.161536441093777,10.220979704222831,24.00900280026876,19.47413105538551,13.323804461251452,18.404708334859546,11.894652914647114,24.30225788644438,12.385949169682904,12.785390986709487,26.9456936886119,36.244450943975124,18.397744231687188,18.79389967836803,22.191000486373706,18.531680848177928,26.219612901858373,10.031751921346743,26.572509888265838,24.439269248784292,10.568326036997872,15.786103430222868,34.70925151904209,24.17807781227375,21.210789572076,42.15004777351797,30.64146965119272,24.403528542382073,19.010866263403326,14.363058734482351,,,,,,,,,,,,,,,,,,,,,,27.257600550489432,6.377891148085672,2.9207157916561246,9.641731642227986,6.019058925121102,16.867786805165036,16.558765720540286,-2.924334574510517,16.629354544590026,11.56880102578881,12.739634186993241,34.12714156029808,23.188162461257463,8.41018821431175,31.010643512070217,26.58412993549959,5.108152342685727,13.094529003753715,33.374517241769915,-1.995520533193874,9.20634342078286,21.920679160194773,-0.7023822100722682,27.011819565756383,-1.9266086283779127,-0.19263943736426317,32.167324657744985,4.52809638950933,-2.4204480128223302,19.531221291067165,,,,,,,15.14379550796585,11.398081294102479,16.6704582847331,39.17210110044975,-28.002800935100822,-31.568390583951803,54.08221172022142,16.385993479895355,6.66446310985162,8.849497201104366,-44.44349784487304,57.12177068871612,51.66609930641994,,,18.154220894423343,4.545630674877349,19.631747539725065,57.414448669201526,0.0,0.0,2.2813688212927756,0.0,13.688212927756654,7.224334600760455,19.39163498098859,,,,,,,,,,,,,,,,,,,,,,,,,,,,,,,,,,,,,,,,,,,,,,,,,,,,,,,,,,,,,,,,,,,,,,,,,,,,,,,18.646222256953504,13.837862831209849,8.778466800191303,44.56002378159629,26.43080937021042,109.00916684819332
6,rat.2ZMJ.pdb,rat,1,19.376851589595365,8.613714388442066,8.105063764940853,17.717822364943824,13.0926710357701,10.986056014309998,19.705670706604653,10.077614243824708,23.763164241580508,14.982819741537998,,,22.64400985015717,19.74785106999157,35.36067156571507,28.53850932349708,10.3364821658223,12.677396438378215,25.744007407955223,41.861057671149865,29.554986361076107,11.313301009663133,18.559352056653044,19.43440377519939,17.389317998557438,26.075410017124426,17.243320143164162,20.037559458959528,10.179907824141461,24.09197298198538,19.328889398712008,13.264042195613385,17.906202932726995,11.771293470249908,24.216182567128328,12.464163401114918,12.33149052171317,26.717943214954204,35.940503168131606,18.616389837747498,19.469768264053275,22.59632659240905,18.546088584671445,26.140736608450187,10.201761398411929,26.334071559524563,24.318584961191984,10.766392865932305,15.820216431506225,34.63679153725358,24.187329110011746,20.712881647964757,41.61360515874362,30.246685442212716,24.317641868459898,19.049860437131034,14.307681555809914,,,,,,,,,,,,,,,,,,,,,,27.24312123534576,5.906229144708434,2.6880710758933235,9.731388657534229,6.010551057244788,17.043541153734516,16.479395207604007,-3.0594336880266626,16.607004722261294,12.418247613434549,13.147954917874749,33.963582638439995,23.238365360771997,8.113563245151706,30.85784425498401,26.578509733371558,4.71574975890241,12.934236892811228,32.86370850267973,-3.2731544163908746,9.386152641857395,21.944461291892154,-1.1837569445896414,26.86264899316115,-1.735605859863357,-0.1163379402331446,32.290608315057575,4.390972092874452,-2.287359660113955,19.544571331614605,,,,,,,15.021105435860552,11.270757915072888,16.40514216417087,39.67315184145,-30.250558957238688,-30.600066304167303,53.836541802282575,15.64613927796756,8.390756831976146,16.384314206995025,-43.865184550064704,57.13935356804446,51.42085220995104,,,17.810361022292764,4.376339624752955,19.54466771771219,57.414448669201526,0.0,2.6615969581749046,4.942965779467681,0.0,14.82889733840304,7.604562737642586,12.547528517110266,,,,,,,,,,,,,,,,,,,,,,,,,,,,,,,,,,,,,,,,,,,,,,,,,,,,,,,,,,,,,,,,,,,,,,,,,,,,,,,18.59348053800903,13.63392385657356,8.83373006333213,43.60549405138966,26.542736428079962,109.8517695205304
7,rat.3VT4.pdb,rat,1,19.52568181187926,8.770987711249216,8.204278724296374,17.705262946662035,13.07171770481319,11.058228610859372,19.77959147980848,9.968327200820779,23.662931926283168,14.891329579166838,,,22.66107819897913,19.972732118432685,35.696671558973854,28.606846705232513,10.3138448866034,12.110764236747539,25.477519795464037,41.90776296023412,29.570694870025797,11.381653233290194,18.715522909144976,19.6414245204324,17.391685601168785,26.163151401857256,17.611653451407552,20.18127264157835,10.18591451335859,23.95719976801977,19.459296739598233,13.510653713678332,18.46616210879547,12.078324697250014,23.987461589292277,12.244318930329596,12.453745060816106,26.92554091623597,35.99314273780209,18.5073727230988,18.89932734157891,22.22387314481273,18.597526292599774,26.0722635903374,9.897150754081721,26.32141336637142,24.306032999194176,10.48790072584846,15.51029854615076,34.60838716964434,24.137836778205575,20.60843713190439,41.84404584374897,30.548844951686263,24.760102670075106,19.493231289150543,14.28544911340987,,,,,,,,,,,,,,,,,,,,,,27.307713341866666,5.699628889359493,2.9412141868094848,9.503115022548377,6.215001920282572,16.950323168717393,16.097901477420603,-3.0613523460368106,16.958894238495308,11.795882966258713,12.934886634335177,34.266707385662535,22.961360522142442,8.429634417784188,31.083850264439423,26.42070327042557,4.791817836489961,13.176666720545601,33.06852589293793,-2.5362806593317826,9.697947351237314,22.189264719063246,-0.5941214763215992,27.09269871589119,-1.9864986415111883,0.14009815539076675,32.38949696564312,4.208910492829678,-2.0399998873713896,19.703357499521314,,,,,,,15.244759686070436,11.1706999341615,16.27195193536904,39.975133693916895,-30.31610652246562,-33.31017068741062,53.892617968126125,16.948686481767254,8.745069120864281,9.468268600498195,-38.67658593827589,57.13878318363044,51.34808871699596,,,17.599794167024747,4.472893792013946,19.838068228743733,57.414448669201526,0.0,2.6615969581749046,2.2813688212927756,0.0,15.96958174904943,7.224334600760455,14.44866920152091,,,,,,,,,,,,,,,,,,,,,,,,,,,,,,,,,,,,,,,,,,,,,,,,,,,,,,,,,,,,,,,,,,,,,,,,,,,,,,,18.585327304774527,13.801525511668984,8.602213562060047,44.277500791111486,25.793758067238656,109.92874114164988
8,rat.2O4J.pdb,rat,1,19.285164236695362,8.903699435632426,7.938295781620957,17.580330480154128,13.107830530911205,10.913914031140948,19.6859062278767,9.817323573217294,23.902709707812196,14.149593355093767,,,22.49504476973885,19.70281165931291,35.18457952731837,28.484660366255643,10.284315558979545,12.714774364415378,26.22870996731967,41.86296513145216,29.17506528254228,11.308039610715067,18.372710172891466,19.635717356798246,17.409636925195368,26.229647206239136,16.964342533156604,20.149275697241848,9.979591135115799,23.700656785396134,19.386070310659502,13.331971298141474,18.1153907956349,11.714733030932331,24.362097645972845,11.670778493623335,12.382354010688719,26.595404976952544,35.92905541304584,17.732445268566696,18.795925088373004,21.275027445386268,18.540240732630902,26.271796305731204,10.282437814580556,26.42609523965315,23.268977421784676,10.914409768108332,16.446837858678922,34.74666359460102,23.53718049413757,21.65954371599617,41.95349532643072,29.7473009533811,23.513161000203482,17.13392972167307,14.281543392849748,,,,,,,,,,,,,,,,,,,,,,48.18716438905266,1.4590821934041391,17.54486436165405,65.97012454129829,1.133491265885986,3.7721609972409045,59.060333985397705,-7.8153992001604395,3.9817170465247576,63.96755410468139,7.660487151754165,-13.284934753481652,52.68872073203613,3.3651178360360943,-10.517189996516107,48.96112571859914,0.20254422404691996,7.366984292179905,42.337055836316935,-7.699641550161459,10.944902509624104,54.71900997191519,-5.981757685710416,-6.743283400676282,77.74666035261039,-4.982066782156143,-11.390505825233689,70.18886835170134,-7.299288305819493,0.50372580876087,,,,,,,15.00298429707803,11.013850790877687,16.345135511999306,39.6426267376365,-29.415914953599856,-30.757226297229035,53.57698862909574,17.34365615751157,8.036098890273145,16.513232955900293,-42.023276801527736,57.04927420661523,48.156753967909886,,,57.722565400605966,-0.6182526625409036,0.911212715624616,57.73584905660377,0.0,2.6415094339622645,4.150943396226415,0.0,13.584905660377359,6.037735849056604,15.849056603773585,,,,,,,,,,,,,,,,,,,,,,,,,,,,,,,,,,,,,,,,,,,,,,,,,,,,,,,,,,,,,,,,,,,,,,,,,,,,,,,18.621814224483515,13.678303821433245,8.861023262411921,43.79979821742451,26.639776851984873,109.56042493059064
9,rat.5H1E.pdb,rat,1,18.076132262401014,8.533732721656866,8.544469216492597,17.869060341437958,13.256471688051693,10.754663427304472,19.890386298813784,10.468707219978725,24.387812125552838,15.446464637476222,,,20.539398891394082,19.084345683138075,34.5012082395902,27.93028105255879,9.968226728329412,13.103156237868694,25.31776040712495,40.99928849492017,28.540977264116055,11.091611695227284,19.367975054326898,19.94720594449905,16.92119822183231,25.770550707363316,17.505402812670752,21.087370229441323,10.675915650333568,24.151196066462845,19.53073487372586,13.486606886865255,18.52439796879665,11.991376670217846,24.54332566057482,12.487198123013256,12.535355074392108,26.879729593922505,36.26648645291815,18.42392914355484,19.20461078825431,22.60349066243217,18.555024105614393,26.320779403486192,10.074271565775366,26.684054045788603,24.604355291583197,10.719962440095774,15.92399570116732,34.998977189898234,24.39368097332493,21.304508226293983,42.48366310390726,30.85473735214146,24.633058936716964,19.246552768014027,14.626312421294939,,,,,,,,,,,,,,,,,,,,,,26.09373478287671,2.2363304604488734,3.3990513438300067,10.119877630399367,1.72771009019477,16.300372974229408,16.476922663761336,-7.347022865245694,16.811303721937325,12.063600505809884,8.789743187663639,34.22990413427063,23.258322189627755,4.0817996583934,31.12368440795563,26.72368201192104,0.6529048581996373,13.220531576368375,33.45450972228113,-6.7761797084211315,9.422867089804301,21.92358116787903,-5.126282800519731,27.260961091989618,-2.126927902486494,-4.030451115869714,32.47246365410684,4.328279256283355,-6.610179258864353,19.60372951702348,,,,,,,15.17574756657661,11.77409529727637,16.929764929729043,29.123191746669427,-37.66372497565039,-34.14285882383047,53.73338579243405,16.85322212559531,6.15543499346429,9.057598528651235,-42.72751621332414,57.12675262326991,51.49043381850632,,,17.968874421707415,0.6361082842947008,19.466798250794255,59.00383141762452,0.38314176245210724,1.532567049808429,5.363984674329502,0.0,10.727969348659004,8.045977011494253,14.942528735632186,,,,,,,,,,,,,,,,,,,,,,,,,,,,,,,,,,,,,,,,,,,,,,,,,,,,,,,,,,,,,,,,,,,,,,,,,,,,,,,18.87216921291459,14.01677438828804,8.85537689859869,44.57101921614836,26.319202001060724,109.10977878279091
10,rat.1RJK.pdb,rat,1,19.095461571692564,8.843425999272421,8.139916858409194,17.54005174981547,13.060979811285712,10.766226274108996,19.6442694167547,9.973946912732682,23.935874239638046,14.269381100126184,,,22.418133676112774,19.640426103724042,35.07496839355591,28.448802359798684,10.223944157651406,12.087138127651908,26.160781841069067,41.66184351559955,29.071027931130477,11.35976498642751,18.29167532208705,19.522251847291887,17.32531701665297,26.17885279087271,16.902398424979303,20.015983207375015,9.987681456742715,23.717984395429614,19.346817651494053,13.300946873245765,18.38218581518435,11.663175841666403,24.26078990491985,11.665136997889212,12.30738410128705,26.526470488257083,35.80615070866157,17.756183315077056,18.87618902570359,21.275334617870694,18.552695859849543,26.19864970740521,10.271693330032033,26.332498821935815,23.1666660768088,10.557984766698308,16.441834036478998,34.60409960397875,23.456563425709692,21.891732901819264,42.08136690074953,29.973538179078357,23.444778422453084,17.063855748659986,14.142518102235545,,,,,,,,,,,,,,,,,,,,,,48.05486118584904,1.4227902669003598,17.735100256358443,65.6194271298687,1.1478958861256383,3.8073160177343763,58.70223911787334,-7.858646585927971,4.088320026009348,63.49057412892842,7.745957987713135,-13.119554558146762,52.333090035255445,3.3687110951547816,-10.322777527771265,48.74075550952138,0.22326328673334994,7.604961158627367,41.87933940803191,-6.833009473251978,11.426090069400157,54.330427864824884,-5.977797578364774,-6.559653682264833,77.28045698256528,-5.0078592667012,-11.251457007677871,69.79647082858703,-7.310051558812678,0.525668285417403,,,,,,,15.015781632369105,11.313402850816022,16.543049275349635,39.32583032798534,-29.144720825191847,-30.85856083551171,53.57810438814406,17.444935032741775,7.225336536629405,9.427727852137552,-41.79394696452615,57.07699082632984,48.170224928357314,,,57.32949522295216,-0.39563513524094474,1.142597576815404,58.174904942965775,0.0,2.6615969581749046,4.182509505703422,0.0,13.307984790874524,7.224334600760455,14.44866920152091,,,,,,,,,,,,,,,,,,,,,,,,,,,,,,,,,,,,,,,,,,,,,,,,,,,,,,,,,,,,,,,,,,,,,,,,,,,,,,,18.630648263061776,13.599825211529376,8.826876708715302,43.12330976643205,26.338091240560075,110.53859899300787
11,rat.2ZXN.pdb,rat,1,19.149022233455764,9.027509004018587,8.358558126507685,17.88898315606626,12.6710011913711,10.64955893815626,19.48407294492545,10.007669919493532,23.985162640775954,14.564559067245527,,,22.46913013508649,19.735905134571595,35.01715751734253,28.386240263355777,10.262420043706681,11.994729251892338,25.72484358288649,41.748697517974506,29.281269020465903,11.317423699503717,18.841930421646335,19.316328126222462,17.278149823178484,26.063874803610513,17.386098030519452,20.14127829847086,10.133417173972495,24.55350273254111,19.217849198460218,13.283191924954998,18.38572623750963,11.836607332612441,24.14758748574536,11.675741330638976,12.298597515871528,26.556330307228386,35.864357919661074,19.225452013412177,20.263894578762354,22.469365076553924,18.472022564701675,26.02417163924515,10.160811088417427,25.92703341859641,22.954479881634576,10.386546151256296,15.860604889833285,34.494741033962306,23.500520400066826,21.03782268926792,41.89166303771092,29.999003609866527,24.16888065036554,17.787812014728335,14.075276702996394,,,,,,,,,,,,,,,,,,,,,,26.93352608510135,-4.117122742849576,2.6886233695063906,9.420617465193912,-4.420498981150889,16.7622797372119,16.2269293194055,-13.454788162892708,16.38835846478949,12.295789768409401,3.6804013679957874,33.52912618411954,22.63987783316764,-2.33661001637949,30.69171240283458,26.21581034237758,-5.450711670769025,12.838681982019413,33.02543218769456,-12.293333819575226,9.006200618121408,21.70234511453682,-11.644045994935002,26.725007235936786,-1.820645446481794,-10.797584781897086,32.21018821496249,5.204380785146383,-12.966718582964312,20.20780181625341,,,,,,,15.286574195056634,11.589398257996892,16.82429430149008,39.477203718190964,-28.28590320648669,-30.0920629365299,55.00419107419045,14.084106663642718,6.76293610297067,8.589280464914426,-43.92931408058153,57.14453671874418,48.31649851985727,,,17.904549033153355,-5.873915369276467,19.483750804584453,57.79467680608364,0.0,2.6615969581749046,4.942965779467681,0.0,11.406844106463879,9.505703422053232,13.688212927756654,,,,,,,,,,,,,,,,,,,,,,,,,,,,,,,,,,,,,,,,,,,,,,,,,,,,,,,,,,,,,,,,,,,,,,,,,,,,,,,18.870986702177163,13.848594177697178,8.838485453340972,43.3806837986178,25.999187620932748,110.62012858044945
12,rat.3VRV.pdb,rat,1,19.057091045123432,9.185434009104318,8.584378426133444,17.616627665668513,12.853472793426882,10.489333023824937,19.577532099712112,10.117444698669045,24.27273063153022,15.623598971606317,,,22.599359927233024,19.79427587101015,35.35223645361604,28.561287272069475,10.319909160172644,12.051634449948505,26.324136245544423,41.7991553691155,29.550192977045494,11.348254641819702,18.49798721392184,19.60544439397002,17.372005787907074,26.27867822493325,17.03137504165077,19.955869956011895,10.178397063674286,23.861972024592458,19.504263801500116,13.334565425725515,18.51015399896311,11.846126221892312,24.26335416916737,12.393015076975491,12.272850208563659,26.660800488769805,35.983763556564405,17.76587384738352,18.83194721754407,22.19390614832751,18.586098681678703,26.33028830684886,10.325894352938954,26.374995109276938,24.371251023997722,10.58727160459684,16.464514201203656,34.59297426291888,24.14903645302178,22.011617188490415,42.18663616527796,30.74254460049202,23.534229584023365,18.424695918412613,14.313634731740136,,,,,,,,,,,,,,,,,,,,,,-29.271076887744144,22.5369558642781,18.0550220860284,-11.632433930984028,22.56048558319571,3.9267245906862858,-18.400222421281068,13.45614904729932,4.228351193172588,-14.076015069045537,29.216873928102302,-13.158266963011291,-25.128551881681194,24.837958813323272,-10.110417776333174,-28.517623053343968,21.36032602048119,7.83013213041864,-35.30107637554718,14.232283145596456,11.737316004873191,-23.03232998073867,15.393220506555256,-6.501142745702464,-0.028319162571765318,16.819332404249003,-11.259467371706549,-6.382688424791738,14.243808476797678,1.3051180576722168,,,,,,,15.25999551815281,11.795022386220223,17.028694357046373,39.16356064266294,-27.213233670712786,-30.323320221486647,53.6500219189641,15.64607877299113,5.159899904232431,8.786437507134076,-41.26637685652326,57.09802767450739,51.765727511845846,,,-20.332029160195376,21.280256957420814,1.2714928777768615,58.23754789272031,0.0,2.681992337164751,5.363984674329502,0.0,13.793103448275861,6.130268199233716,13.793103448275861,,,,,,,,,,,,,,,,,,,,,,,,,,,,,,,,,,,,,,,,,,,,,,,,,,,,,,,,,,,,,,,,,,,,,,,,,,,,,,,18.59724236546926,13.790038003045641,8.81220437634058,44.60753825495514,26.66380231151466,108.7286594335302
13,rat.3W5T.pdb,rat,1,19.135065690406,9.169025879333997,8.101860179928916,12.763305886112072,10.755136389100361,19.539549093055825,9.706740755826196,24.001391232531862,15.432226750181911,,,,22.581562530165478,19.654374687865403,28.30256069147963,10.219062221146494,12.093194304657496,25.591975882493784,41.76200877186923,29.57803617561153,11.272871582025063,19.390503469634027,17.531311847252123,26.325809320929263,17.294204709940875,20.05603159563949,10.327374591711669,19.298960278108584,13.400471652382997,18.502952845988105,11.887254673652254,24.16504662867692,12.420135485942946,18.436421183437677,26.132284728574525,10.09152937610616,26.12747880505302,24.318703895076332,10.525415707169884,15.805362393869201,34.659854770340175,24.381333684575175,21.116049574089462,42.03960271199552,30.797019456364584,24.205575866942223,19.108433833105835,14.372182154424182,,,,,,,,,,,,,,,,,,,,,,,,,,,,,,,47.854777281275275,14.709742808400957,17.773916535619616,65.61931824533957,14.600736450032036,3.833465744712953,58.81682537249271,5.620280766086638,4.227344061441227,52.31160308637637,16.797602774965554,-10.097439480869603,48.54266162981596,13.513988483639752,7.648393369011821,41.793656388254064,6.381310051472666,11.437879144339,53.39060508927364,7.564999059346606,-6.1688585084450205,76.99912636325786,8.351767200016035,-11.453612258522492,70.89184814533895,6.0734764853072445,1.3553753700199742,,,,,,,,,,15.144748599058449,11.470479056974355,16.819894430087288,38.935546386922816,-27.89790651771448,-31.140778935326715,15.683333759532859,7.1071243664819175,9.146661981948165,-44.781160780916736,57.13826479656499,51.7533817807076,,,,57.042294827450355,12.875879507295329,1.089276722074467,55.471698113207545,0.0,2.6415094339622645,3.7735849056603774,0.0,15.09433962264151,7.169811320754717,15.849056603773585,,,,,,,,,,,,,,,,,,,,,,,,,,,,,,,,,,,,,,,,,,,,,,,,,,,,,,,,,,,,,,,,,,,,,,,,,,,,,,,18.678334574538365,13.73870476714183,8.797222456120462,43.71840835426631,26.265883489684796,110.01570815604892
14,rat.3VJT.pdb,rat,1,19.110177282450508,9.24201364661119,8.307192058628491,17.34811270186286,12.85992729387317,10.619643034676741,19.549797720407042,9.933077845207926,24.12740773679079,14.708336378374328,,,22.66384301419848,19.76019104440751,35.001082720684856,28.45995968094491,10.255534561085323,12.095855095353805,26.236156413006288,41.72743225260968,29.157658964145615,11.284829307171467,18.142737945247216,19.68926152809207,17.507379596237406,26.34189316616595,17.014865046812144,19.845228451127213,9.86236886489319,23.491290261499632,19.351360652161983,13.378947536157861,18.50057462300061,11.74024982653502,24.13432254859658,11.629933308219474,12.379059190997738,26.40017311251135,35.702562664405086,17.65448126867404,18.83352561235198,21.333135738199772,18.514953113146387,26.14677726203646,10.228412656825359,26.45166662368874,23.467123655644667,10.593262754707348,16.47111661591231,34.60883324267494,23.561346272243746,21.905086365430584,42.078662459918014,30.051876187537356,23.487167061578933,17.357598561380115,14.212051668215073,,,,,,,,,,,,,,,,,,,,,,27.329908873974013,1.099397347640957,2.9644115995011413,9.626470205611275,1.3160317842156761,17.113302333712152,16.44728256861534,-7.672348261266907,16.931876429669988,12.170280144649524,8.214819607636809,33.69928128315556,23.358360196504435,3.637688587390825,31.03135271758005,26.6379987284254,0.12801854389276637,13.150366277572862,33.3470513852973,-7.172309493913569,9.420615779482036,21.10613383085863,-5.703968478309034,27.526877700825757,-1.8459978606602594,-4.287354812956636,32.30598568420816,5.352977122464061,-6.96295580489632,20.347794719672745,,,,,,,15.160650542133377,11.436406726398802,16.986632669229824,38.90983723427834,-27.146743907610343,-32.28345463468247,53.98844945423884,15.618289974724405,6.160864489480227,8.795500430928854,-41.780915388113826,57.10355009764791,49.24902999214078,,,18.355703705980495,-0.11048363774307948,19.79292030855353,58.778625954198475,0.0,2.6717557251908395,5.343511450381679,0.0,13.358778625954198,6.106870229007633,13.740458015267176,,,,,,,,,,,,,,,,,,,,,,,,,,,,,,,,,,,,,,,,,,,,,,,,,,,,,,,,,,,,,,,,,,,,,,,,,,,,,,,18.478608184722372,13.785506946209038,8.825491875140207,45.32843815304229,27.08281031640041,107.58875153055732
15,rat.4YNK.pdb,rat,1,18.251521351464724,9.293519294937797,8.134088632477937,17.46174962343513,12.87313023171001,10.706266720984102,19.552461258664053,9.852610962061966,24.087175095417532,14.547858878297317,,,22.009427289099538,18.963266653698255,34.11232547100169,26.872363799561068,9.945038755437373,13.466317749071068,25.26785578920248,40.73239165743338,28.07053971144591,11.689942030011004,17.493687180451495,19.69513565399457,17.96034692715762,26.856325054587636,17.23231972041684,19.551328007759857,10.043679740578167,23.522594581651184,19.51789500413708,13.356681361892127,18.178766827459853,11.79811901629221,24.100889982839274,11.472976095227196,13.58404772096825,26.513208103768505,35.82078577749858,18.126447353358873,18.878790466947898,21.431752501197273,17.521058179733952,25.25890454407468,10.690531419154432,27.823219522880727,24.260542910394772,10.891455825837117,15.924902794900088,34.670120240113924,23.529937322566,20.975869656305637,41.74093716154192,29.6172472182429,24.072946379462234,17.74013326834379,14.350746662348516,,,,,,,,,,,,,,,,,,,,,,25.69815153127187,1.8483551368959772,3.672813964202029,8.514616629952165,2.13943070380501,17.422588249754345,15.455828063856586,-7.245215563918244,16.787967950236336,10.675521894387634,8.540642710733058,33.559008684534426,23.22866363762549,4.5006054832964,30.299701386863976,25.948290519527557,0.33720512619159315,13.499189286713067,32.40555502702352,-7.806090642765256,10.241233009277217,20.456964398774975,-5.38204290447066,27.30998464492191,-3.1674927629696663,-4.171271673560566,31.773817552609728,4.413652975099002,-6.7004812349528775,19.854368821245007,,,,,,,15.050708587977244,11.174815991234585,16.754620087068634,30.32015842396075,-32.57382929007211,-31.30189656804341,53.808477276488986,9.57777535785432,6.223059646841056,16.140935160986018,-44.04593536838699,57.17638659636945,48.7223657790999,,,17.27310474574994,0.10153315743862021,19.768938692745355,58.55513307984791,0.0,2.6615969581749046,2.2813688212927756,0.0,13.688212927756654,6.844106463878327,15.96958174904943,,,,,,,,,,,,,,,,,,,,,,,,,,,,,,,,,,,,,,,,,,,,,,,,,,,,,,,,,,,,,,,,,,,,,,,,,,,,,,,18.22723393823774,13.556958103869022,8.488357248794243,44.55651222652996,26.05906306620721,109.38442470726282
16,rat.2O4R.pdb,rat,1,19.084809653125884,8.570235659647496,8.358663555097465,17.569782287157672,13.249033675943561,10.780719901971445,19.75348524988835,10.283767543602442,23.814588324310254,14.232989078333098,,,22.353375466937752,19.67822194187438,35.17961252855403,28.556347585036846,10.328900395496431,12.718582834648869,25.702176410116667,41.6317928902856,29.05196934485004,11.34209822317277,18.528336022478058,19.618372981504702,17.240289337524718,26.052441375738546,17.296143160126462,20.07656729625918,10.037808794036604,23.899028972004622,19.475065837173982,13.29029526418965,17.996778263368977,11.90086794326569,24.18479202420447,11.600053245288933,12.259027092011937,26.540699681593072,35.85953776171296,18.220389259381214,18.954207143419808,21.51770262792757,18.56675078347921,26.260948108061275,10.07054937556701,26.217185643322917,23.23907320761321,10.88026798141177,15.78461347552367,34.46890902886909,23.384104151574096,20.867923989507787,41.64028761619681,29.556457093407914,24.226510572973044,17.797108591086367,14.177943267463762,,,,,,,,,,,,,,,,,,,,,,47.863200490601415,1.458947188232082,17.682665110548477,65.37528242038714,1.1408660812700762,3.793849262544706,58.52717937361429,-7.897023624147799,4.04529794037162,63.1704599787438,7.823800425745172,-13.346056872265928,52.11363280339594,3.3651034017721573,-10.491177031434473,48.55435384957292,0.19954251371393186,7.454156407894381,41.960134329244895,-7.66265216296917,11.07111578435894,53.22369011877424,-5.766803768605935,-6.393371653685867,76.91525368554889,-5.083340157945459,-11.409994800460384,69.55682863114234,-7.36617492301738,0.4919513197958311,,,,,,,15.054697979415508,11.34768891446686,16.543538681988018,39.7813776116248,-30.32178065468659,-32.31654144943828,53.6336704408219,18.02275319776379,6.9772131766948124,16.48118080888047,-43.319743890052344,57.08178781575761,47.64900555647994,,,57.314481971747234,-0.13914301899449252,1.1796549139278754,57.57575757575758,0.0,2.6515151515151514,5.303030303030303,0.0,13.257575757575758,7.196969696969697,14.015151515151514,,,,,,,,,,,,,,,,,,,,,,,,,,,,,,,,,,,,,,,,,,,,,,,,,,,,,,,,,,,,,,,,,,,,,,,,,,,,,,,18.61937408533323,13.51172652852366,8.832866175165258,42.59659854946854,26.26080419215438,111.14259725837707
17,rat.3WT7.pdb,rat,1,19.194066816497855,8.506952650880715,8.187025611866757,18.104926830486214,13.55038903615238,10.835032021441847,19.83660759496995,10.575977327799716,23.665281016987596,14.963666476900503,,,22.566693773115002,19.709027885835855,35.816092369923,28.9229346579165,10.382582139970982,12.45861063062631,25.592317952150633,41.67955478872932,29.437371209302263,11.34347607842713,18.76109450526108,19.649643414927848,17.307933410592636,26.201489868050107,17.745219859961285,19.998072674733727,10.225924292720237,24.269749764300304,19.69120277703088,13.306498867288372,18.17626694407634,12.152826307788787,24.04680222445642,12.36174140824194,12.443225300545976,27.061532390489873,36.45080076851146,19.084373766427646,18.751534345456317,22.513030596131024,18.860327227739482,26.675543154369137,10.378701123184676,25.979706044824795,24.453223899600772,10.874998962566751,15.603904313844863,34.39155879670443,24.100615860034328,20.626901303758395,41.66371017591451,30.40324755869537,24.69108506310475,19.627219689872565,14.33575539453748,,,,,,,,,,,,,,,,,,,,,,31.23711771544594,2.266279041852515,48.88245599843643,8.680389913135736,2.3878703663957483,49.541936287625624,14.278876063674545,-6.630524112058332,53.541931712005834,-0.18941263527326738,9.507496436229772,64.46226451502446,10.565331848060705,5.10566298892542,68.91121824377211,24.42244148380429,1.3947567086888986,56.66696937911346,31.940733784608632,-6.376519820061774,57.828065597858036,12.85767451688156,-4.388724802099691,65.4013460855972,-9.545676149820999,-3.734233072636104,55.04223410269555,3.002524241859411,-6.054030201602429,48.50961663779822,,,,,,,14.911188436544467,11.342693680995152,16.416320065188174,40.048091781191076,-30.97623988843095,-33.45175003228141,54.12845430063285,17.99633249322951,7.377251033032438,15.84378581894652,-36.77879160101742,57.13743909825296,50.98136167015723,,,13.59821432408625,1.0299670068931805,56.349237142857255,57.03422053231939,0.0,2.6615969581749046,3.041825095057034,0.0,14.068441064638785,8.365019011406844,14.82889733840304,,,,,,,,,,,,,,,,,,,,,,,,,,,,,,,,,,,,,,,,,,,,,,,,,,,,,,,,,,,,,,,,,,,,,,,,,,,,,,,18.506021696663606,13.829370256021313,8.822093801423218,45.45392806555546,27.04178872690933,107.50428320753522
18,rat.3W0I.pdb,rat,1,18.951576778673754,9.073202151087001,7.852108960144151,17.818669251761467,13.28824179535673,10.366923257931429,19.373855655808978,10.230861880683754,24.352032723381594,15.571685062478634,,,22.6872735420877,19.722771123922147,35.41862046854802,28.356131350556005,10.432730359652812,12.190987354072533,25.55587921438741,41.81551920062747,29.544914726673344,11.01259982699696,18.38952438464873,20.004692979709535,17.384239166741352,26.23818076098091,17.607672874848312,19.868612179682927,10.135973333695224,23.36210454589031,19.234711565280495,12.960891643651854,18.392914292252506,11.757061626143027,24.087189028468416,12.44179710719886,13.058052024896822,26.673878690520105,35.896868077897395,18.562489245069443,18.944864376445523,22.223094010243933,18.290011775887717,25.811989471098066,10.235204409780172,27.316401119876502,25.04859692241229,10.498470983836336,15.451864568421689,34.56754665410367,24.111888918365636,20.68846109001115,42.0583898244527,30.653862079606355,25.0844812645302,19.64173543250247,14.271445504646588,,,,,,,,,,,,,,,,,,,,,,27.511021997552323,22.829857517698237,2.784540683212641,9.984141381762981,23.371892610231153,17.179923089103884,16.76767556776945,14.696584264826349,17.186557017407228,12.55192093948936,30.368546555592232,33.99146521959792,24.411208438394752,25.9321900990036,30.79948086918161,26.82098371959827,21.80818053650118,13.144168383003391,33.463761897537545,14.555327369177867,9.471633562147986,22.817287524062248,16.522614546942915,27.10100640544676,-1.6727069862923434,17.96605468713195,32.33434661558595,4.61984530431193,15.190073171255348,19.829472802323394,,,,,,,14.993461740190071,11.732984178118398,16.973207031974944,39.144003004032506,-27.16379140031209,-51.911062885288175,54.02022119399276,17.200998284114874,4.312277375962809,8.152539531384583,-38.22742727495531,57.13922938350802,51.88333055913868,,,18.639061110800352,21.96030285782126,19.508608582961063,57.5187969924812,0.0,2.631578947368421,4.135338345864661,0.0,13.157894736842104,6.390977443609022,16.165413533834585,,,,,,,,,,,,,,,,,,,,,,,,,,,,,,,,,,,,,,,,,,,,,,,,,,,,,,,,,,,,,,,,,,,,,,,,,,,,,,,18.42988494810456,13.780179421291045,8.79914519134955,45.53386317496385,27.11003147742759,107.35610534760856
19,rat.3VTB.pdb,rat,1,19.43595883846346,8.839312906916733,8.105698419581232,17.504072287514326,13.021726240559603,10.88428901317466,19.527906483297187,10.006190988134499,23.680987655361417,14.315331230888772,,,22.61193090507543,19.841091872786464,35.36413162797457,28.669258950822513,10.403393379251503,12.646405871821973,25.705476238198404,41.744551474168304,29.279643424535895,11.217995367434265,18.444675381593246,19.5942213214684,17.328358615390936,25.94774662824029,17.521172844778903,19.958278692638924,9.974092287037578,23.71408176699716,19.359225914817912,13.315245921477079,17.918063848462815,12.008772598175353,23.984919686085004,11.6525750440834,12.300671462942658,26.595772335181294,35.71768539313825,18.386058021697913,18.897083035874402,21.48206705105489,18.585886609145152,26.11359144740457,9.995359874458124,26.208102683159662,23.355355516682028,10.734944801678871,15.675340430918986,34.45212646521081,23.52634648366133,20.49822568571275,41.39007480876117,29.524302186698364,24.53806870062493,18.311940502586797,14.040440922326011,,,,,,,,,,,,,,,,,,,,,,27.166639578634516,1.558677665527166,2.9795209400112985,9.63994825782563,1.7511364824779785,17.26508953929238,16.378058010969134,-7.216769718137365,17.131091795528334,12.104313096940885,8.719860140991122,34.163901522487045,23.153460160843423,4.169029122677795,31.246230423431655,26.471361941384657,0.5838127913031671,13.313775692415966,32.77530192317082,-7.410624314882863,9.90960825288453,22.280028312416015,-4.994400044787243,27.350604450762923,-1.6689699163991492,-4.126351440505081,32.624008570816756,5.298367156139741,-6.554387172460506,20.678514110757774,,,,,,,15.18580146019562,11.191130363808888,16.541169482233798,39.51155579994981,-29.411180680158616,-30.54323703280502,53.67401381561999,17.416421200327004,7.766093844812201,16.03369275085772,-39.49198590223068,57.172580570388014,47.952747340465,,,17.89900295724867,0.20622047446253045,20.010030825823037,57.414448669201526,0.0,2.6615969581749046,4.942965779467681,0.0,12.167300380228136,7.224334600760455,15.5893536121673,,,,,,,,,,,,,,,,,,,,,,,,,,,,,,,,,,,,,,,,,,,,,,,,,,,,,,,,,,,,,,,,,,,,,,,,,,,,,,,18.650787190775677,13.767484524311612,8.817850886101438,44.1358263877255,26.48787331390455,109.37630029836994
20,rat.3VJS.pdb,rat,1,19.27818380281798,9.035815061259958,8.29520485182567,17.3714719532535,13.099156963827438,10.833345082585966,19.710875499728473,9.953293140526647,23.94081243417362,14.532725909126782,,,22.666212814006343,19.792385118691232,35.161880500812124,28.19198486625457,10.285163365987401,12.012881794340261,26.252315174993775,41.76487066816306,29.19982504802633,11.306965019724869,18.299943741455525,20.030076402975862,17.512655639988775,26.277918287272517,16.99959021972323,19.844682644243612,9.888489270365199,23.6379198266232,19.657570051013803,13.367397207731976,18.4721834423649,11.715414157198136,24.206440379856193,11.664752949050134,12.942823724546702,26.553498980543683,35.79699941380685,17.740250834846606,18.821308502326755,21.457889369052417,18.262882101037114,25.85972717573148,10.685229605095357,27.229686180623077,24.06054617226341,10.485714860505958,16.45029087939529,34.64366678244374,23.583547717859105,21.909890038343043,42.120666704898426,30.049322985770342,23.553899125317106,17.358852784953676,14.244733644473465,,,,,,,,,,,,,,,,,,,,,,27.366322844086092,1.3173361042847453,2.884127359280037,9.701151936795828,1.1236715819158516,17.0848820645352,16.649081577882008,-7.792459780439282,16.808597448559112,12.169785209485836,7.910719480867758,33.899452279760375,24.068144382245084,3.8968471852653357,30.763441413181596,26.72375237143766,0.16479195564376475,13.084290624550015,33.461979556628634,-6.8746154339976036,9.212178263157169,21.279103223773085,-5.85208165395638,27.39390619037318,-1.741340086071995,-4.656906037052404,32.233008283590586,5.518231423236854,-7.256682353263414,20.255854147115016,,,,,,,15.130982706641575,11.3538708737975,16.824262688968698,39.34700313212762,-28.1051805359241,-31.65259212692785,53.83158393572042,16.966825566453245,7.705695113558363,9.228410343823485,-41.81103758316296,57.09725808933596,49.11843124721535,,,18.22002985788131,-0.21088523784221133,19.7855543663467,58.935361216730044,0.0,2.6615969581749046,3.802281368821293,0.0,12.167300380228136,7.224334600760455,15.209125475285171,,,,,,,,,,,,,,,,,,,,,,,,,,,,,,,,,,,,,,,,,,,,,,,,,,,,,,,,,,,,,,,,,,,,,,,,,,,,,,,18.487252365203997,13.73620588791612,8.8711848453825,45.035407692031974,27.19042880810584,107.7741634998622
21,rat.3AFR.pdb,rat,1,19.055201962690337,8.561849099431369,8.275909506576307,17.938227784706275,13.316587599914358,10.776243653060247,19.75664777996365,10.512718950613456,23.996236813784705,15.00136209274802,,,22.51068805058881,19.780645793277827,35.4308420473475,28.545821095549467,10.29365849131791,12.04303405384414,25.4958363593094,41.84319172707615,29.52431880678823,11.398091357307441,18.67717254299167,19.56280445317699,17.337058467573836,26.19500562563964,17.65145962456958,20.123963314797447,10.231643116735302,24.16439399509643,19.392858439583442,13.305794392530348,18.459277771077268,12.000218088086442,24.308755194746023,12.377682393785326,12.480441214239795,26.844612128100437,36.109628220904625,18.93196669475443,19.157890964845787,22.38288917836031,18.60096903996308,26.209605607521095,10.074031105653805,26.314013553196826,24.16830867123099,10.468043970136158,15.549377223991122,34.65376837357031,24.101900645129575,20.781059377894042,42.17146038747594,30.680947503361388,24.97764235764686,19.383432466007324,14.306369924746452,,,,,,,,,,,,,,,,,,,,,,45.69389839145923,-0.12089485422668368,39.05042217189128,63.2008582365098,-0.23204507497104146,24.900331037091572,56.381660003490815,-9.360128262395655,25.205485705699818,60.7970877261991,6.750707440360858,7.745161878961169,49.73904228431064,1.8764937214186541,10.863347974963258,46.362447742907165,-1.4032152718159818,28.858852064827623,39.56299847201973,-8.348714899417004,32.74568484954146,50.37258622452326,-7.273624337355239,15.029889022883005,74.72154139423475,-6.282982842467959,9.54995934098904,68.35240400838588,-8.631259682575081,22.143287148446785,,,,,,,14.879472419192433,11.498598500875152,16.471552217952325,39.47154861652648,-30.980314224112462,-33.381282970809316,53.951766051186986,17.811930853983817,6.841676339123543,9.195359543246607,-36.95741043718338,57.16172200846055,51.2233169620442,,,55.090109792330246,-1.6317256461945875,22.54195999435636,57.03422053231939,0.0,2.6615969581749046,5.323193916349809,0.0,15.209125475285171,4.562737642585551,15.209125475285171,,,,,,,,,,,,,,,,,,,,,,,,,,,,,,,,,,,,,,,,,,,,,,,,,,,,,,,,,,,,,,,,,,,,,,,,,,,,,,,18.727446655505204,13.707371791258328,8.8157203855759,43.239875963283865,26.141140520101306,110.61898351661485
22,rat.3VRU.pdb,rat,1,19.28965594319639,8.89300276900858,8.456456330958744,17.738716016750313,12.972108944334549,10.769409639714832,19.94565811944317,10.121149508241386,24.125527091831444,14.504607947227647,,,22.619542197533956,19.819485635549366,35.649360526919054,28.64922562597612,10.386743562267313,12.073840322307204,25.628257023018183,41.99834081286764,29.28730090289032,11.323077511375343,18.64583581765698,19.625674646031364,17.376827735553032,26.36647574973788,17.525695356321272,20.14347758944577,9.96595896469607,24.04413233286209,19.45860684616064,13.311008414833884,18.604697035615363,12.059871297753586,24.394320168872127,11.685111987936644,12.568461840721891,26.93640396084664,36.38924189114284,18.605307323484727,18.812113729752244,21.505741086016947,18.60595644044609,26.464188330357388,9.965519397748997,26.438231517961853,23.297549628809325,10.671535432331556,15.591834723506105,34.74469846757062,23.509323463603945,21.133403973890978,42.432681714523234,30.21276744176725,24.914546391905503,18.271000887130135,14.294786333307117,,,,,,,,,,,,,,,,,,,,,,-29.341493106947166,22.216754791538495,18.12670037855536,-11.687148123949347,22.321341355456934,3.986090275099188,-18.458994465022954,13.248935171269226,4.19969619874056,-13.854014841833239,29.168325492729146,-13.22119568724507,-25.146653963875355,24.609957174534742,-10.112528291609491,-28.588480932753534,21.08490219625831,7.829306329749849,-35.42420589514831,13.920046515102932,11.806664220387338,-24.310339913863782,15.52797892671819,-6.09633273077686,0.015003610633355473,16.59285721669928,-11.376325018379536,-7.372923620534411,14.006338465297786,0.5848358069969962,,,,,,,15.278877624675424,11.635252704291487,16.797753109001484,39.86008715604464,-28.871204573151406,-29.964533173819753,53.72054896183804,16.293713721880145,6.865826130390987,9.930807849436398,-38.27811942344172,57.119844774945186,48.470798978322165,,,-20.05220998573911,21.01765429135724,1.2636578449140472,57.63358778625955,0.0,2.6717557251908395,4.198473282442748,0.0,14.122137404580155,7.633587786259542,13.740458015267176,,,,,,,,,,,,,,,,,,,,,,,,,,,,,,,,,,,,,,,,,,,,,,,,,,,,,,,,,,,,,,,,,,,,,,,,,,,,,,,18.741876716324924,13.839191850123534,8.847880824296178,44.136768318096216,26.43715946775066,109.42607221415312
23,rat.5ZWI.pdb,rat,1,19.28965594319639,8.89300276900858,8.456456330958744,17.738716016750313,12.972108944334549,10.769409639714832,19.94565811944317,10.121149508241386,24.125527091831444,14.504607947227647,,,21.327093019985718,18.998457945199906,34.44814777761862,27.004928114562908,9.946696661420088,12.960227932288335,25.765713943887388,40.67549759772137,28.38942996629766,11.375798756949933,18.52559287318297,19.855847665482923,17.383256912096577,26.37788830288688,16.98700515389188,20.06103309457939,10.242712029435356,24.07128751128005,19.622360023335126,13.348917058766789,18.560545524449044,11.846437075322308,24.164646429730322,12.31015788001509,13.619166627923711,26.816030265713742,36.23133766033209,18.01008491932049,19.010712765458607,22.35663471359341,17.64621717043636,25.405085972303464,10.818306816586636,27.644593621312023,25.08888498645665,10.678889867428179,16.476447167742595,34.57643958246779,24.11645080064134,22.05100927153518,42.129940825223784,30.728094432652703,23.31503710874831,18.322420897013778,14.337884524008127,,,,,,,,,,,,,,,,,,,,,,25.706807158104667,2.184319174145434,3.2792617625256124,9.39229054466808,1.9013645983165695,17.012483564456964,16.115679122787256,-7.268940234338163,16.680289852250453,11.702746983673876,8.80244398492797,34.04875327487396,24.054374050742453,4.617767980632276,30.123515043341808,26.276126363957417,0.6064630292914973,13.083496567052654,33.10160657693717,-6.6436160499448516,9.225017331952191,20.715751818309432,-5.311029976378468,27.420121787493134,-2.052781026186168,-4.2047528123703275,32.315121105963975,4.183551529401844,-6.525381955051332,19.614815233188924,,,,,,,,,,39.86008715604464,-28.871204573151406,-29.964533173819753,53.72054896183804,16.293713721880145,6.865826130390987,9.930807849436398,-38.27811942344172,57.119844774945186,48.470798978322165,,,-20.05220998573911,21.01765429135724,1.2636578449140472,59.6958174904943,0.0,2.6615969581749046,3.041825095057034,0.0,12.927756653992395,7.984790874524715,13.688212927756654,,,,,,,,,,,,,,,,,,,,,,,,,,,,,,,,,,,,,,,,,,,,,,,,,,,,,,,,,,,,,,,,,,,,,,,,,,,,,,,18.618744377180374,13.728685852169342,8.667402966087629,43.70889562659872,25.86481303345403,110.42629133994724
24,rat.1RK3.pdb,rat,1,19.179359927248495,9.067269898300331,8.213747171268027,17.774266170859597,12.97151526561185,10.728431398381016,19.623820975920758,9.85698543474843,23.98596126216819,14.394188290162989,,,22.45436454463164,19.76935782191826,35.353970416003975,28.525816740630717,10.288812808194791,12.173931652761048,26.25321337100013,41.74069514752321,29.157167363620825,11.436282616632338,18.56615308605687,19.597871926508788,17.361342374723446,26.264292115088477,17.0014953200755,20.062911821844086,10.02290386147717,23.975941129085715,19.439533135405437,13.378809233180494,18.486524298763303,11.697042994669731,24.284617619893808,11.677195256955953,12.403593810698753,26.760607839657357,36.069066045425636,17.94724049260461,18.79450902714373,21.46857773382576,18.583797600474956,26.273864623695243,10.347194052687746,26.272790215646587,23.231014924873307,10.590673448556926,16.464926863358997,34.61770240987046,23.50376462106152,21.945405747235096,42.168238360320245,30.081187327857624,23.44017272644273,17.125087701733694,14.20264132729261,,,,,,,,,,,,,,,,,,,,,,48.094877178050005,1.498444794738512,17.852488217732922,65.6788397330944,1.1120269413607264,3.893497236698592,58.705038725974255,-7.9494227204933745,4.1051328345104325,63.58230424109029,7.806364665092565,-13.29639577594948,52.35626605337972,3.4762963803163314,-10.283803092222824,48.752772624911074,0.2545602314360112,7.660354301018012,41.80067052961299,-6.7559461839675485,11.492252048884742,54.2812194711438,-5.976579706810023,-6.5418633833485895,77.20180993413318,-4.998300370202213,-11.351353981421957,69.81009154375174,-7.38169671158167,0.5396906231918798,,,,,,,15.05593269258121,11.380305691074678,16.656836259700427,39.29232687911811,-28.17509821804618,-31.170526820184133,53.58097616732824,16.45445728014937,6.730496628868795,8.637717462325195,-42.42491946922771,57.08938307586627,48.63167748223324,,,57.2013538173091,-0.45977770780699173,1.0868896579409615,58.55513307984791,0.0,2.6615969581749046,4.182509505703422,0.0,12.927756653992395,6.4638783269961975,15.209125475285171,,,,,,,,,,,,,,,,,,,,,,,,,,,,,,,,,,,,,,,,,,,,,,,,,,,,,,,,,,,,,,,,,,,,,,,,,,,,,,,18.569383860383148,13.551271485115235,8.858376143630192,43.24244478700773,26.604978525403993,110.15257668758828
25,rat.5ZWF.pdb,rat,1,19.179359927248495,9.067269898300331,8.213747171268027,17.774266170859597,12.97151526561185,10.728431398381016,19.623820975920758,9.85698543474843,23.98596126216819,14.394188290162989,,,21.314475725667638,18.987120713220545,34.53707735988317,27.143326820019364,10.012334434838813,12.997079196821216,25.479314815018164,40.85104670856039,28.498546879428215,11.258660165805944,18.585164697407226,19.895095462462802,17.425160573073054,26.395329195529232,17.310007142580783,20.25157759482514,10.277200854706694,24.023606952284226,19.603239093105806,13.384296825954747,18.651653603186492,12.02296040532248,24.264019735966514,12.304843355973375,13.60685458685827,26.879040566493995,36.278566464585815,18.328360174984336,19.017627045505126,22.206964818595885,17.71601568097398,25.46219599559558,10.496086465597195,27.65913701800179,24.97236025358505,10.659897235845936,16.06655180494471,34.76332250210421,24.21830830189007,21.556518006977825,42.3054928372929,30.843893597304504,24.113957524605425,18.809949096351687,14.322041117809853,,,,,,,,,,,,,,,,,,,,,,25.64135608884854,2.100718856001777,3.205565026902203,9.3277514156199,1.9971531938724572,16.922796969947978,15.895737517486431,-7.142360014621151,16.62566803065648,11.635190503329072,8.84117691626371,34.047148372953274,23.941067340334925,4.502283423750899,30.18892465199323,26.261114715511294,0.5456186323498549,13.076958209940447,33.012539154481004,-6.750054695598499,9.22665590810214,21.240454523654662,-5.195527998300668,27.21790207887113,-2.282743466551506,-4.012320508757711,32.389180822927045,4.018688777276627,-6.339344110098833,19.740158148606287,,,,,,,,,,39.29232687911811,-28.17509821804618,-31.170526820184133,53.58097616732824,16.45445728014937,6.730496628868795,8.637717462325195,-42.42491946922771,57.08938307586627,48.63167748223324,,,57.2013538173091,-0.45977770780699173,1.0868896579409615,59.31558935361216,0.0,2.6615969581749046,3.802281368821293,0.0,12.927756653992395,7.604562737642586,13.688212927756654,,,,,,,,,,,,,,,,,,,,,,,,,,,,,,,,,,,,,,,,,,,,,,,,,,,,,,,,,,,,,,,,,,,,,,,,,,,,,,,18.769507032243677,13.74841502803993,8.578438268444954,42.64661145277536,25.006173711973773,112.34721483525088
26,rat.3VTC.pdb,rat,1,19.070632353044797,8.593894089091124,8.147086396699127,18.12087968058752,13.902293104711829,10.913293512251743,19.867364966265928,10.296080379076953,23.817636308541324,14.882130663661718,,,23.200632842464863,19.667275393220837,35.61894079008919,29.07799240167326,10.253892965949996,11.97604655130135,25.445418009327764,41.71259464302406,29.232401810282283,12.062707547285559,17.806267460168943,19.33462746691231,17.85948645180047,26.88983498882003,17.27097249875069,19.387467941934673,10.223916866120682,24.29207731618494,19.948480651070938,13.320294789989982,18.458396017434854,11.774548605888297,24.353628447900494,12.473818522031603,12.23715657561146,27.063372858148245,36.36145261314957,18.83881944876182,18.89321271210101,22.642779624061795,19.194028108829848,26.918478010403316,10.65848053955806,26.246015671579766,24.74922487720144,10.504025096880634,15.602541569962169,34.645298243259774,24.101993335107696,20.990692006106897,42.2229571121874,30.69708095473147,24.67827718098713,19.35816056035688,14.621894623204447,,,,,,,,,,,,,,,,,,,,,,32.30773266041313,1.9433261523880763,26.366785935680326,9.15052507503038,2.4408538175827243,27.69553247310452,15.559770207715584,-7.146104891774029,31.23399441377588,1.1985680166623343,9.115492240199131,42.162002040081624,11.730354458196784,4.850599112360885,46.705146547365096,25.728445827083334,0.942285015172951,34.16763347703986,33.539900769734736,-5.9967446399230795,35.247254873883705,13.936574124739344,-4.755616026539093,42.64849362897689,-8.539858925271716,-3.8732757980683807,32.49719825886658,4.288827709691131,-6.381102552974162,25.944686789101763,,,,,,,14.716268685301142,11.176941780214237,16.371149965191197,39.36766985912192,-36.316670470784715,-34.0829518383322,54.09284065561487,18.335958158697302,8.005534717010237,9.404357950239095,-43.78790946145061,57.15236624914139,50.971229289665104,,,14.827253144863324,0.531732528925769,33.85873212433138,57.414448669201526,0.0,2.6615969581749046,4.182509505703422,0.0,12.927756653992395,8.365019011406844,14.44866920152091,,,,,,,,,,,,,,,,,,,,,,,,,,,,,,,,,,,,,,,,,,,,,,,,,,,,,,,,,,,,,,,,,,,,,,,,,,,,,,,18.16019514329712,13.645192195256133,9.059069494879738,46.69663280987031,28.89087716330318,104.41249002682653
27,rat.3W5R.pdb,rat,1,19.077597917463535,9.079283403831583,8.077972272581478,17.64084650955294,12.756890331710562,10.768513603271852,19.588497948872064,9.722723041902713,23.945162972292632,14.489936572239927,,,22.50015933308881,19.55218110940535,34.564751504762015,28.187047488491245,10.107975167891695,11.971588091267279,25.486865202985673,41.697625854987706,29.213968321369833,11.263160046418792,18.494518997282746,19.326329501877005,17.451291685490027,26.28705181140701,17.247523793999754,20.060038530515627,10.079224515023174,24.182276051798503,19.27028236306926,13.318686417606877,18.479294191970652,11.830244118155484,24.227394978010164,11.721845495881649,12.021522737008874,26.233867258326047,35.66683347600888,18.77854894313959,20.202966750227194,22.303703326348714,18.429944857816785,26.146241887212106,10.155121971367235,26.065195245380004,23.144916995132654,10.522466328113488,15.797079904644393,34.62057231109821,23.64631682949471,21.133330595396362,42.07459912871596,30.151946165796957,24.191655482605753,17.83724233823789,14.167932175826751,,,,,,,,,,,,,,,,,,,,,,47.859311794081854,14.862782380097675,17.800967649920967,65.56491353399554,14.712636381771667,3.917657770027928,58.77655309512205,5.7375033063759515,4.390862865224242,62.5187181112729,22.604937385776772,-12.528603545225943,52.28893915349659,16.83419876008615,-9.965947285517903,48.58631285671514,13.607738285626944,7.797593430659781,41.809965098042284,6.549302219460146,11.668237948004055,53.3881165164175,7.557880883137553,-5.982451581492141,76.94815292206671,8.510349580666402,-11.391118971321198,69.88262157008134,6.2035053246793215,0.6706818242299426,,,,,,,15.110215723107384,11.366441632365097,16.706690537054016,38.863351928176286,-28.32034097021359,-30.772771370821324,54.71424511414297,15.600363484633744,7.680898611738725,9.961804816024761,-44.466882643312395,57.12936785238358,48.649142986415804,,,57.07795403365884,12.964524475871094,1.2067519562481486,57.35849056603774,0.0,2.6415094339622645,3.7735849056603774,0.0,13.962264150943396,6.415094339622642,15.849056603773585,,,,,,,,,,,,,,,,,,,,,,,,,,,,,,,,,,,,,,,,,,,,,,,,,,,,,,,,,,,,,,,,,,,,,,,,,,,,,,,18.71138848175003,13.775783992742914,8.792254543471072,43.75812296160194,26.194298169069263,110.04757886932879
28,rat.5B41.pdb,rat,1,19.180646709271766,8.850839337918757,8.394728087520665,17.673424890215554,13.068298945390483,10.76924981795393,19.569278048998118,10.110146581946662,24.045440807215588,15.27404680879543,,,22.584126163586628,19.754901543987383,35.44025296616379,28.105369703756,10.272778895503148,12.08505961359076,26.247132752646092,41.86982500955616,29.522012915441277,11.298210732465714,18.501072894021632,19.782946824207333,17.38428757483165,26.06200707251118,16.922857833449253,20.145621726719924,10.195200027548504,23.942220904830616,19.674165478401704,13.342622177063095,18.26094327480483,11.759068322799992,24.191768507890483,12.350675849609326,12.981267082450103,26.820903873235988,35.92206954293232,17.93332681433461,18.946449269482738,22.216519244874895,18.20986719414185,25.75201002549078,10.768846828183708,27.112014667037517,24.840371604859715,10.428330502460213,16.45110324801479,34.65961494270699,24.15952555801255,21.725029006573823,41.86589187773073,30.47019057661625,23.341846846948705,18.31092335777222,14.349746270228502,,,,,,,,,,,,,,,,,,,,,,27.105975456657927,1.8379563693413628,2.883609945361617,9.41301388525032,1.8461371109435327,16.919342861064973,16.151938144016775,-7.21684455458655,16.60497218800847,11.576423237960427,8.559989004768902,34.02295508042629,23.432882167008543,4.51647385831601,30.61888957134692,26.3214804601173,0.6588840199627614,13.05830120511139,32.90869403694665,-6.539821567342008,9.378989825371391,20.679495733825448,-5.349788578172675,27.29566964290735,-2.11987763106862,-4.404872483476823,32.208664856476446,4.161276177912627,-6.508960386748799,19.479362481909263,,,,,,,15.130619707445224,11.59360370991168,16.71174247902596,39.32676869216292,-29.018371551766307,-31.73381993532262,53.848808793974456,17.24220803447534,6.577085794060734,9.074656368347519,-40.61755914346324,57.13734295073824,51.54303298403452,,,17.745512081803547,0.47365539318830446,19.569460730993598,58.174904942965775,0.0,2.6615969581749046,4.182509505703422,0.0,15.209125475285171,6.4638783269961975,13.307984790874524,,,,,,,,,,,,,,,,,,,,,,,,,,,,,,,,,,,,,,,,,,,,,,,,,,,,,,,,,,,,,,,,,,,,,,,,,,,,,,,18.590053161043794,13.739942315551705,8.805646841114019,44.29264836610988,26.586036200811673,109.12131543307848
29,rat.1RKH.pdb,rat,1,19.274458814751497,8.618548612735475,8.227405157012344,17.547652071537335,13.082314984356861,11.013360816632632,20.012575387935694,10.077117649125245,23.58987503320473,14.125522032583344,,,22.454320936237245,19.695758882732,35.27875772077551,28.444221392283442,10.26425827141958,12.102495305196609,26.17580223418173,41.63090184457485,29.1113540126212,11.351003314601527,18.48018054773026,19.490927775271967,17.381211916628295,26.318322413105744,16.933262260182694,19.938592638568874,9.982245809207962,23.882493775222724,19.416394027858797,13.345992128028795,18.58366655189098,11.714380734400796,24.238011397366698,11.655403771369262,12.29657317111583,26.71705201776172,36.04490505862473,17.855287720277193,18.50830783600083,21.434588395494256,18.545561712973893,26.2997439806964,10.351656757948666,26.048527782283674,23.222910233725944,10.568730464675422,16.40966758145843,34.51348273153527,23.50429857016325,21.990696386009578,42.17329496723156,30.161077424271163,23.333266822068452,17.15252286809912,14.253710155337751,,,,,,,,,,,,,,,,,,,,,,48.10596041009756,1.4819479947566279,17.725035572965805,65.71128831422229,1.2173190305487347,3.790225577594796,58.88272508347447,-7.843607299867566,4.130246880666147,63.5523055178483,7.719127569409358,-13.373175952570143,52.44564060987669,3.4152256354932824,-10.319631369979115,48.77789480650018,0.1685195133013842,7.567358296470037,41.84812735359065,-6.78481520007348,11.482396361078123,54.418167939388624,-6.019854353074179,-6.545350090311871,77.19402471618857,-4.636282165851757,-11.422584621814453,69.96991399947254,-7.2243960701128,0.5891656238232696,,,,,,,15.070937018705287,11.486794536508846,16.43921698672139,39.85527785686017,-30.371397741995924,-30.685811206353325,53.676679188341474,17.633282807195982,8.339679306812107,10.394917981294597,-41.11407254842157,57.084956889649476,48.19266723911301,,,57.66955551935586,-0.29725475418970465,1.0854187274412632,58.11320754716981,0.0,2.6415094339622645,4.150943396226415,0.0,13.962264150943396,7.169811320754717,13.962264150943396,,,,,,,,,,,,,,,,,,,,,,,,,,,,,,,,,,,,,,,,,,,,,,,,,,,,,,,,,,,,,,,,,,,,,,,,,,,,,,,18.584082713957514,13.6654218688561,8.805549105227614,43.81517970186617,26.49486038595617,109.68995991217766
30,rat.5ZWH.pdb,rat,1,19.274458814751497,8.618548612735475,8.227405157012344,17.547652071537335,13.082314984356861,11.013360816632632,20.012575387935694,10.077117649125245,23.58987503320473,14.125522032583344,,,20.452264928210433,18.744205141681988,34.201003256994255,27.584714891929593,9.90937815012985,12.893048976792512,25.768308888804786,40.85685708964003,28.55027950626415,10.533584026819906,19.09983337637405,20.05387105745796,16.731463603558105,25.624591977040854,16.966123263861462,21.04548998540173,10.619552015546747,23.364980583057157,19.11420683402008,12.946582529187346,18.46155336057192,11.445770564651905,24.299057269042258,12.54475572788938,12.831497539823378,26.57596481226356,36.02099793688176,17.764798004885247,19.19574191158145,22.128665741839114,18.240381520975976,26.03142957096329,10.664504612613015,27.184907673437944,24.764930254707654,10.699869410268633,16.544329158074643,34.79148440849689,24.25513502078218,22.158693635355167,42.33612238959029,30.8634803643284,23.36896266575364,18.17420370081721,14.27831652742325,,,,,,,,,,,,,,,,,,,,,,25.936568997027813,2.2905538646068124,3.147613794340518,10.136679616673907,1.7608040759568009,16.1236687196139,16.500134705354647,-6.615298082642722,16.674798843199127,12.194318206162476,8.675888040501903,33.80844669966191,23.80750663271932,4.277415387395694,30.57818014662695,26.51924845522619,0.6665056817316497,12.90562217059048,33.24904832528099,-6.629148670255975,8.909320545070093,20.811494424813024,-5.386136137893512,27.206038186299452,-1.9691222164798898,-4.18996118463842,32.27763428585638,4.31456863777357,-6.391820381731039,19.646824011703814,,,,,,,,,,39.85527785686017,-30.371397741995924,-30.685811206353325,53.676679188341474,17.633282807195982,8.339679306812107,10.394917981294597,-41.11407254842157,57.084956889649476,48.19266723911301,,,57.66955551935586,-0.29725475418970465,1.0854187274412632,60.07604562737643,0.38022813688212925,1.520912547528517,3.041825095057034,0.0,12.167300380228136,5.7034220532319395,17.110266159695815,,,,,,,,,,,,,,,,,,,,,,,,,,,,,,,,,,,,,,,,,,,,,,,,,,,,,,,,,,,,,,,,,,,,,,,,,,,,,,,18.876034210038686,13.788720901803007,8.845135999930676,42.95040052032498,25.91768400481896,111.13191547485606
31,rat.5XPN.pdb,rat,1,19.127821296702972,8.711369832850556,8.328216904642721,17.857016813711386,13.10776407763907,10.792743415197451,19.71531501623278,10.189499523504335,23.969238266862146,15.203507251549864,,,22.501688633796274,19.671733853023216,35.444088396576475,28.512852548746608,10.283539757016468,12.06737787187068,25.71315996178923,41.80469889706945,29.443169159575636,11.354633739542116,18.63570825854614,19.53995471578515,17.35103123352277,26.174857894449605,17.28609964636412,20.152205039800908,10.248930975309543,24.19964797792974,19.411817405902593,13.27686761210315,18.392636221355332,11.869666472968657,24.259374114619277,12.422680953904285,12.57610141196139,26.877660766993237,36.105798371928664,18.637343120710813,19.171419938015497,22.574682413909432,18.56964904596831,26.1286938511063,10.105952657451146,26.282114893316805,24.378147044260647,10.450434169076486,15.838127593558495,34.623881251918625,24.154212738106015,21.13655621104557,42.03756003006127,30.65848584660826,24.239737840066315,19.056123407852866,14.444871176040996,,,,,,,,,,,,,,,,,,,,,,27.150512540134628,1.7922023040008161,2.759837669886683,9.708620653296853,1.9275388766850348,16.97560647752678,16.438288194360172,-7.209654873658755,16.587054660409237,12.139529685553198,8.978530068090373,34.05377461094389,23.24347372607103,3.974971256991859,30.919264650381596,26.536169308028704,0.6087559552074086,12.956563961536938,33.23916927442262,-6.44311675112523,9.141795671534878,21.8982813506396,-5.214884315821946,26.93588779919766,-1.6900929206980806,-4.198302493965193,32.42406155646043,4.389589786046528,-6.456370938416061,19.51697480623264,,,,,,,15.01911725649664,11.550717326333945,16.63275057931549,39.361181364825505,-29.525974723174848,-32.22058283071992,54.118163489932506,17.608865925322743,7.221437244228277,9.187983713039163,-42.62154282991946,57.137657975754806,51.5051427493669,,,17.927389788992965,0.4625763113071026,19.4643175778494,58.01526717557252,0.0,2.6717557251908395,5.343511450381679,0.0,12.977099236641221,7.251908396946565,13.740458015267176,,,,,,,,,,,,,,,,,,,,,,,,,,,,,,,,,,,,,,,,,,,,,,,,,,,,,,,,,,,,,,,,,,,,,,,,,,,,,,,18.47410012549401,13.799416201939243,8.812828654054703,45.424545989158354,27.059710157418905,107.51574385342273
32,rat.6JEZ.pdb,rat,1,19.059033749503083,8.71918123951148,8.325438693788914,17.700399398498973,13.104719288075227,10.746683132719594,19.793787724755678,10.250819131394055,24.085820996334867,15.166950691282675,,,22.4826109512331,19.692358073179633,35.336384378964,28.449550250661815,10.229861754279684,12.084681014234366,26.19877149045322,41.78899418965362,29.45627385027996,11.339945090206523,18.53311310223502,19.513039235274597,17.327586039088608,26.247842682428544,16.95747366576642,20.039050304485713,10.228853141464118,23.908626522244212,19.394481668816315,13.32397097524218,18.460838695454555,11.714216882893856,24.365755803466254,12.374042301582344,12.33439561477337,26.725905399301787,36.05457628455646,17.893133015320526,18.97874606980305,22.21595128383473,18.548626850557365,26.28480645577056,10.351655722228317,26.49581621244634,24.256226356565204,10.636314565069753,16.45978194953256,34.711419247349696,24.13165817447169,21.9414150751004,42.27626501321199,30.684161782147065,23.6682361121051,18.27965831430976,14.32793961147362,,,,,,,,,,,,,,,,,,,,,,27.24378237020053,1.8435969982253682,2.778149159911741,9.732898814042912,1.8732511380440309,16.87906660875835,16.504673867101197,-7.217677138534271,16.57502656240661,12.118649056218304,8.553082810381015,34.001108714518956,23.17769249474136,4.094717905662169,30.84550167577474,26.56349236232752,0.7204518046456818,12.923385573667765,33.34379097532855,-6.4977805706678655,9.043197482656382,21.07658504150678,-5.36304499152903,27.199566316773172,-2.050776408260802,-3.916385486223733,32.01804422020596,4.514348797753855,-6.509190789388796,19.549429814456417,,,,,,,15.026806957744746,11.566457462504713,16.62581327100885,38.926664704180105,-29.5837301632814,-31.983100514538688,53.85628513081373,16.858420625797468,6.831575641829481,9.388683442603442,-40.775974776178806,57.10922286887907,51.527354411544536,,,17.97132185874059,0.484770114156826,19.373986982307034,58.174904942965775,0.0,2.6615969581749046,5.323193916349809,0.0,12.927756653992395,8.745247148288973,12.167300380228136,,,,,,,,,,,,,,,,,,,,,,,,,,,,,,,,,,,,,,,,,,,,,,,,,,,,,,,,,,,,,,,,,,,,,,,,,,,,,,,18.637631770378775,13.653018506210742,8.770451030698679,43.31198145430739,26.14568038304837,110.54233816264421
33,rat.5AWK.pdb,rat,1,19.059033749503083,8.71918123951148,8.325438693788914,17.700399398498973,13.104719288075227,10.746683132719594,19.793787724755678,10.250819131394055,24.085820996334867,15.166950691282675,,,20.438881974713002,18.948519445623283,34.87694159250175,27.50128958685162,9.915306575172314,12.92573241053937,25.718892180615622,40.549540735983285,27.89139113474474,10.933605026935473,19.209801568443478,19.997872326384936,16.78476541801287,25.490008249119295,17.10431571284904,20.78718996008313,10.143386105331379,24.153658143115123,19.585262678155395,13.35311271954808,18.36537153234296,11.76863366717905,24.075754178760782,11.513885027877432,13.861080729454752,27.38901299689406,36.56106386389581,18.445292767572166,18.041649996253813,21.197396214279305,18.175657703493815,25.716420674600155,10.691530189581142,26.871583066713605,23.66662841271522,10.477288852024204,16.490316960087313,34.50295668662852,23.354849066379522,21.787399841624897,41.823374100592055,29.801495741883787,23.213676478857774,17.142661383000537,14.244318111747093,,,,,,,,,,,,,,,,,,,,,,25.68665682346734,2.065076799566695,3.344929131058668,9.873988182160645,1.7517743430402777,16.291328182038765,16.11709102795137,-7.208823100961627,16.815808103918428,10.786266065222076,8.725696688054175,34.16725144459408,23.5154285908602,4.514767804258237,30.650710769446835,26.316402419351018,0.5810392144122607,13.12830060565624,32.95602312674847,-6.6689119990853944,9.505149221494449,20.718111407462622,-5.304847687774789,27.47912032318512,-1.9226045324250554,-3.960992946956401,32.42551414393682,5.181711909099666,-6.297009844985792,20.30230040254593,,,,,,,,,,38.926664704180105,-29.5837301632814,-31.983100514538688,53.85628513081373,16.858420625797468,6.831575641829481,9.388683442603442,-40.775974776178806,57.10922286887907,51.527354411544536,,,17.97132185874059,0.484770114156826,19.373986982307034,60.45627376425855,0.38022813688212925,1.520912547528517,1.9011406844106464,0.0,13.688212927756654,8.365019011406844,13.688212927756654,,,,,,,,,,,,,,,,,,,,,,,,,,,,,,,,,,,,,,,,,,,,,,,,,,,,,,,,,,,,,,,,,,,,,,,,,,,,,,,18.371787373838526,13.613634605154173,8.744208984840732,44.62961141717609,26.823143909726777,108.54724467309715
34,rat.5GIC.pdb,rat,1,19.463979575478362,8.751900109389018,8.233884873822024,17.93553019900146,12.813698686707443,11.107781996070102,20.02417694465407,9.977029489361122,23.593589145913093,14.980223928129005,,,22.49679366910609,19.60396995656774,35.47312528652335,28.48750250190105,10.294203445306007,12.275851331396929,25.714296918055634,41.74116185379236,29.381717746733766,11.416258153332286,19.201183579431436,19.43924153106146,17.401515444403614,26.28507869532257,17.377976855851752,20.051147863277308,10.233347842263425,24.676111545937303,19.22332902533842,13.298689074840347,18.28162883251472,11.815084520034386,24.36714589731604,12.450552967111314,12.256646153552323,26.847271787209376,36.283348563500866,18.96606948379258,19.876747655119612,23.40907207858879,18.499107597174376,26.24650776329385,10.044880100066392,25.98586811764561,24.179608359270837,10.738380740517597,15.885602511295984,34.60645700807535,24.17696294912734,21.125692862323053,42.06172475648096,30.582046220118446,24.286162697195294,19.040364133428888,14.558855706612297,,,,,,,,,,,,,,,,,,,,,,-29.18496903138588,1.4072076440553811,18.068427878755507,-11.680190682097582,1.7587687591642054,3.9416849733663515,-18.426577740990236,-7.44476646533928,4.276574875356855,-14.853103013182581,9.424704225596075,-13.374536081320443,-25.06885545719568,3.530199032767768,-10.04008178297574,-28.581039179958857,0.36609842190146047,7.844828468789786,-35.13957458805743,-7.221569783946962,11.682239761183858,-23.813791266529453,-5.614708273796067,-6.078377546618298,-0.2050835675027505,-3.8802586557834067,-11.50408522941261,-6.338496911979377,-6.596778260344885,1.4172940108150633,,,,,,,15.119745744076514,11.302577791064026,16.431215744139134,39.287061201696496,-29.95626693848842,-28.924253834373815,54.5174012349161,13.458902458764648,9.3535292020009,24.26957940566108,-44.36320805400456,57.0684632769941,51.14664342338952,,,-19.770726620748217,0.026989091161856126,1.0886299560875639,57.08812260536399,0.0,2.681992337164751,3.065134099616858,0.0,13.409961685823754,10.344827586206897,13.409961685823754,,,,,,,,,,,,,,,,,,,,,,,,,,,,,,,,,,,,,,,,,,,,,,,,,,,,,,,,,,,,,,,,,,,,,,,,,,,,,,,18.396851963446643,13.704546237186433,8.821641530987575,45.26460728144375,27.21064396234413,107.52474875621212
35,rat.5XZF.pdb,rat,1,19.099903734763263,8.606859327522157,8.187751371973706,17.510140163861536,13.292884797296054,10.772181011738192,19.74714000870234,10.406341841766045,23.923004746213483,15.17239537097137,,,22.66123134569482,19.778541005106714,35.16674093081047,27.994801242829265,10.344334414619688,12.181350223463122,25.899840437951596,41.802652570983135,29.57760393384017,11.167356582645626,18.273408381722664,19.79102266705004,17.425438946968768,26.243203892928317,17.2229981288536,20.048595632188206,10.212307170637569,23.592906010417707,19.531719448027218,13.3546135349166,18.4585275052983,11.813952632448025,23.953052209784886,12.308896897501699,12.89375773799137,26.465999604219657,35.738105845629775,18.123329529581767,19.10904905884328,22.18154178614904,18.003738376786654,25.66503171462895,10.601349948928549,27.168136972112514,24.93670253740344,10.599800132591104,16.006337636357244,34.547522081234504,24.223844041273093,21.261335213097702,41.842639086004,30.636875803929264,23.888832484172006,18.877839909298835,14.233427385323914,,,,,,,,,,,,,,,,,,,,,,27.12022267909498,1.7939655729271966,2.6255951586042316,9.336608817819492,2.20545313174764,16.665009751994077,15.989828758794891,-6.762983091218407,16.55698579374225,11.732820438861724,9.245517927926265,33.356717616020475,23.50057321308204,5.0288088108202285,30.196282919248958,26.29961619671371,0.8964722508348798,12.898197809313485,32.97232625135903,-6.525500759827699,9.328181001718606,21.224698051959265,-4.808555908258142,26.965916318619257,-2.115054579645953,-3.8487890226810317,31.967027402934267,4.013275981526907,-6.0958838739101715,19.31852613219618,,,,,,,14.850956817750223,11.522312180167317,16.628591969502622,39.46298860455319,-30.551204412282196,-33.20505682211962,53.641409329369516,19.229489711902325,6.495219759232623,9.404420559969061,-41.4910056405658,57.14083789627788,51.343297408840456,,,17.486516127447537,0.8770833126992336,19.09245119352626,58.620689655172406,0.0,2.681992337164751,3.8314176245210727,0.0,13.793103448275861,8.045977011494253,13.026819923371647,,,,,,,,,,,,,,,,,,,,,,,,,,,,,,,,,,,,,,,,,,,,,,,,,,,,,,,,,,,,,,,,,,,,,,,,,,,,,,,18.493412386819944,13.734091287963091,8.659013567105381,44.51856594859906,26.23488611258482,109.24654793881612
36,rat.2ZLA.pdb,rat,1,19.19618022759268,8.93488008896069,8.491298897369557,17.735358896873567,12.924429807160545,10.751649448709214,19.656002967194816,10.105896598358097,23.892626610115475,15.334767637198807,,,22.56423987841717,19.803983917848342,35.55925532809617,28.502999252662423,10.286460457765067,12.137614940703358,25.419789522731698,41.71697996860216,29.44393520572893,11.351031800106764,18.64413787894337,19.598127536963002,17.385074784406502,26.174124336412948,17.627110547927558,20.017039105966372,10.157223658775008,24.02955108016146,19.468662205068735,13.394871348782699,18.405572245531364,12.130533586620729,24.057072029669616,12.323110848239642,12.536092601290948,26.91214928185662,36.07135724604686,18.662224300185468,18.69629304341448,22.34569291960706,18.553468998200636,26.11780078132122,9.9366950864879,26.1817801205788,24.409797420400256,10.502388992245576,15.471442800517465,34.489598932481414,24.12921288985198,20.634309444494598,41.8363730938427,30.563777601639337,24.759040711725042,19.633890379920754,14.396466354668156,,,,,,,,,,,,,,,,,,,,,,27.205576889413592,1.2895796696628108,3.000407280669546,9.531612335274653,1.6435126959434072,17.02362480172012,16.188171434601415,-7.549740585267075,16.881364506072153,11.776771917837936,8.494603089588006,34.21739390904461,23.009114610386046,3.902068801042691,31.071487973731497,26.435303559776646,0.254611803245217,13.20564070584397,33.08349378117019,-7.031541842549361,9.598189198965093,22.29555013067763,-5.17383585261022,27.089442055747543,-1.8614374708061399,-4.167447868654868,32.422099011934364,4.2045831358555015,-6.612956477455169,19.59707951312142,,,,,,,15.214644437718274,11.670016706448747,16.78404704833557,39.5436747404607,-28.845647689867445,-31.02771580913135,53.90355101089256,16.367497592370466,6.7088179158244,9.38418525994213,-38.47137362503319,57.14182161827352,51.51225772955393,,,17.918855608363625,0.24594470391246603,19.768262517299455,57.414448669201526,0.0,2.6615969581749046,4.182509505703422,0.0,14.44866920152091,8.745247148288973,12.547528517110266,,,,,,,,,,,,,,,,,,,,,,,,,,,,,,,,,,,,,,,,,,,,,,,,,,,,,,,,,,,,,,,,,,,,,,,,,,,,,,,18.47348938378401,13.742550017398436,8.749483318980761,44.904340945784355,26.70789777432841,108.38776127988726
37,rat.3VT6.pdb,rat,1,19.207474040428785,8.603351245039127,8.172529663307973,17.89456992256997,13.270879852946974,10.847110980390132,19.67969828310306,10.178662044850162,23.757635471057917,14.12429627342116,,,22.498804301913093,19.8297611787513,35.548221742071576,28.558072139261615,10.340548547888496,12.601248000958202,25.684274969700446,41.75658921734247,29.17884573896335,11.331718666544335,18.775284391444092,19.619132468661075,17.302782441643732,26.039349209733157,17.339775906946233,20.060730266364178,9.939332515948,24.058210989720614,19.409934072459894,13.334018870787444,18.035797058049035,11.87446559856097,24.15006203824215,11.625113098001844,12.437784444883235,26.85671131307502,36.08160456204107,18.408767834362294,18.84645782658259,21.601206373736378,18.559784623986666,26.20873863597717,10.020744435544618,26.209699502708553,23.236511559302347,10.78019869810954,15.721756073804425,34.50721749057799,23.428270907771925,20.789918923042134,41.65021688584292,29.605938549538877,24.33479371585931,17.937119591582015,14.17142016377566,,,,,,,,,,,,,,,,,,,,,,27.17656380397435,5.63390481288429,2.985607892426923,9.593928625935765,5.835870440176913,17.021502772952903,16.297985398473266,-3.2997013834407554,16.952233848994258,11.951310929710026,12.791789513042175,34.30065907484465,23.03266146861392,8.11599721585397,31.132202269889095,26.428393020575815,4.535687169480464,13.240416655042843,32.81969431199191,-3.3994718479870705,9.719450432460002,21.83295461873258,-1.0264166543873623,27.208901218215246,-1.9023762013422423,0.14952855011643298,32.44659240145969,5.2597773119845606,-2.4092669433199356,20.48894747728764,,,,,,,15.003924854045442,11.357627918634561,16.415803564356995,39.35570615733789,-31.02566948435765,-32.976442088483275,53.91828856988777,17.4036421279765,7.132518992804026,16.054524015839135,-43.430468569312495,57.14835730163282,48.18949764979315,,,17.65390837061977,4.307491820709268,19.613497749096577,57.414448669201526,0.0,2.6615969581749046,2.6615969581749046,0.0,14.44866920152091,9.885931558935361,12.927756653992395,,,,,,,,,,,,,,,,,,,,,,,,,,,,,,,,,,,,,,,,,,,,,,,,,,,,,,,,,,,,,,,,,,,,,,,,,,,,,,,18.65082331703994,13.70898476335524,8.789917198921268,43.66602278771882,26.27656836195285,110.05740885032833
38,rat.3VT9.pdb,rat,1,19.292630232727486,8.595604010821297,8.378211220342115,17.56962113849667,13.31186327394262,10.928276383016028,19.862283903054248,10.201010192368564,23.982390252915923,15.094163306220564,,,22.538206479296672,19.788755701956642,35.46631727118433,28.19323214614026,10.313758803780871,12.095451586297619,25.783466926908822,41.9669776293396,29.56068956852037,11.21180340589266,18.57167242325046,19.988283548496806,17.330469745897027,26.10518620072197,17.239844771691164,20.230646960974877,10.200403195178826,23.879144426864702,19.747588238811517,13.300658033999248,18.411616841813768,11.935512787094671,24.28369616746682,12.33476205603339,13.10721610236946,26.821516166482734,35.989512792660676,18.203133461345864,18.975959567583207,22.163516809090712,18.264825327380333,25.807525145089183,10.412919634537037,27.38816835833118,24.97005357802241,10.454379494032532,15.840706431137464,34.74717978190312,24.138901546902215,21.187523796625822,42.12220798282417,30.606710901299625,24.379617144170094,18.98038090033761,14.368125497802028,,,,,,,,,,,,,,,,,,,,,,27.245384285667377,2.477183511436598,2.910946169790507,9.598301640850984,2.1198549363861545,16.926064496793064,16.466820318795737,-6.739167290434769,16.71226092385009,11.624123829814366,8.897581593308677,34.0977121294248,23.715887175294174,5.097033692387912,30.75941783384046,26.483276378343948,1.2413135477193737,13.121991054274373,33.33068660942936,-5.723221330275603,9.39341523156857,21.820019833212474,-4.480016388028949,27.137996276807588,-2.015024409228282,-4.165945033167697,32.25246176610946,4.487418671515767,-6.287697212119586,19.616820429264486,,,,,,,15.202442316321624,11.548011786815698,16.542219150834953,39.7632324423539,-30.41924676456189,-31.065698895126232,53.87852558941792,17.697968077143578,8.192710612026222,10.028392214422713,-43.45881529072593,57.16495713999105,51.252374471352084,,,17.69104031742808,1.0265406679940445,19.608722308369224,57.79467680608364,0.0,0.0,5.323193916349809,0.0,11.406844106463879,9.505703422053232,15.96958174904943,,,,,,,,,,,,,,,,,,,,,,,,,,,,,,,,,,,,,,,,,,,,,,,,,,,,,,,,,,,,,,,,,,,,,,,,,,,,,,,18.719691180798094,13.858090227072578,8.695157458569083,44.04783859936905,25.863905746200395,110.08825565443057
39,rat.2ZXM.pdb,rat,1,18.97812817194853,8.908713846625998,8.547276017875593,17.71639089349188,12.977746566729328,10.671951076452848,19.559503586287917,10.323906617440162,24.04531815153471,15.366378916669055,,,22.390430589847707,19.677283706894677,35.223230919917846,28.564398143750875,10.234879438570658,12.673429261649318,25.4192813464217,41.55672573209756,29.370456441992225,11.48392899425105,18.60052691269119,19.511676340098393,17.370212318485887,26.106710595059592,17.692088743513207,19.923487500343548,10.204241828175274,24.136146664980853,19.409028767043942,13.30354691350293,17.98367097068308,11.950052954616254,24.229849674546134,12.46633696766652,12.248336833451583,26.758378212452744,35.9506516509586,18.954996353664356,19.213098674481742,22.427835071791197,18.704464879984553,26.255680450314276,10.195149886859102,26.178923005763007,24.178181943816522,10.691441687741335,15.551685456212267,34.55099254914773,24.130896254684355,20.354419692444896,41.689449904956156,30.315814489494706,24.995830400482408,19.484431375865153,14.179371986020335,,,,,,,,,,,,,,,,,,,,,,26.702786757557575,-4.022873254033509,3.099841426605977,9.321150384515683,-3.8389820198977587,17.212824208716324,16.14498540646089,-13.073660252971061,17.02146415573733,11.857092371708658,3.3518408065915115,34.17869190669693,22.664653169902575,-1.6272192063731936,31.275702728914016,26.179883840088365,-5.193821400730444,13.2540627211576,32.61809933177105,-13.002551642312982,9.807319525149996,22.140015380627286,-10.928358067850041,27.133885219038348,-2.2599270766222834,-9.5566148898982,32.38294857799419,4.065476753650661,-12.14335169668674,19.959074423998906,,,,,,,15.233770899830452,11.808194799281909,16.932517364331257,39.607515669010354,-28.417740559398748,-31.9951551715239,53.941964602849936,16.348216169352533,6.233703518809005,15.504282736721006,-38.160738134347035,57.13466303382688,51.55653716208216,,,17.746605556425163,-5.148710600602416,19.793812118818764,56.27376425855514,0.0,2.6615969581749046,4.942965779467681,0.0,13.688212927756654,10.26615969581749,12.167300380228136,,,,,,,,,,,,,,,,,,,,,,,,,,,,,,,,,,,,,,,,,,,,,,,,,,,,,,,,,,,,,,,,,,,,,,,,,,,,,,,18.670770826553152,13.756575388597458,8.914537353414696,44.156469625643666,26.83507735276886,109.00845302158751
40,rat.5B5B.pdb,rat,1,34.28180600527623,6.494302455293916,22.06622416938024,21.26297297820886,36.47186688520355,29.578613894559922,15.343097468377337,18.942567363655,29.264479244055273,40.936694435626826,28.14292180377669,,29.20290753665413,48.070011476449814,40.610341491378364,54.366663509089626,39.74201860799875,30.31697913136857,22.17113603414669,40.939435286987816,63.45770502369152,52.71493817189701,21.98541442787369,19.012221593656005,34.32372600168425,25.156250082304872,10.020044689235874,12.99723562107219,25.19622015553894,40.477412983260166,28.233199820791775,11.828896315022808,18.490935266317347,20.361885776869997,17.903587821242926,26.825526316585098,17.188997325103152,19.347368191618273,10.236702518822984,24.643262370533623,20.134283341028144,13.374007856554515,18.459071827040194,11.86147518195627,23.860568094228874,12.28603789800372,15.20514150545404,26.651611660279585,35.92716002826868,18.724370068771073,20.719643042985638,23.83039243058809,15.917065398769969,23.50837728530579,11.991806152054686,30.285252001190827,26.894520001149257,10.493940032842664,15.757559019755544,34.42464283230111,24.140399897898767,21.08201887884867,41.741018397631485,30.56718380637143,24.043408046744386,19.168817272599224,14.338514843202429,,,,,,,,,,,,204.45227008686177,-6.043295728940044,22.369543536216035,176.27290587095243,1.4871865752238165,23.792595625274497,159.8722798313101,2.058156266583934,38.42310848999358,166.8689194663944,-7.451418376256566,37.689751850579654,163.76425546644984,10.27615444199168,54.52378296864857,177.09187187313063,6.108192808418709,48.507217092808936,177.04875529979267,0.2534791660355595,33.70608740499401,183.725596372514,-7.0335273542185295,30.17875035329425,172.43276617939424,-4.922281555498689,47.85546236132568,148.99141392470506,-4.187025130515381,53.15148662140531,154.89338762279172,-6.6817567583361805,40.324326823500705,,,,12.099260461919751,24.83568188560614,29.203174453700413,56.86479245074483,-38.60820833524819,44.36372160003112,19.518900686233025,56.67864238245822,49.91847734462657,29.774233305010302,11.495458010017126,20.89261843239232,57.26893284850307,54.93794914964307,,171.45241887449203,2.8385945468279137,19.655861890541544,56.74157303370787,0.0,2.6217228464419478,4.119850187265917,1.8726591760299627,14.04494382022472,7.865168539325842,12.734082397003746,,,,,,,,,,,,,,,,,,,,,,,,,,,,,,,,,,,,,,,,,,,,,,,,,,,,,,,,,,,,,,,,,,,,,,,,,,,,,,,18.354613753690142,13.756980864739004,8.793861455230806,45.821443319154696,27.286284453042413,106.89227222780289
41,rat.3W0J.pdb,rat,1,18.863566264118727,9.115060368117451,8.425432723432412,17.654269927218575,13.140145122478453,10.30567754899699,19.455534907595037,10.248504466946756,24.591676832842506,14.788666624172684,,,22.697808486312876,19.82852026366485,35.24110483409436,28.655838180570594,10.380521165129483,12.112539855277303,25.55680517189007,41.94784458540759,29.202963956752594,11.327382654245342,18.235675341699437,19.646425945670764,17.397109120493123,26.36974709606819,17.560378613037123,19.98430889225187,9.871279212232318,23.59000126563662,19.423465442457722,13.315844630936388,18.573970059773792,12.043509192300446,24.33239003692685,11.620599848057342,12.29442598272224,26.477386201299,35.822103861326795,18.280002405672636,19.019770903045725,21.267707746184733,18.58888671495984,26.27363983422732,9.930429867763461,26.68308531364852,23.35545045543732,10.629106421856097,15.528796814373973,34.74625385827763,23.443393299180762,20.899804090154916,42.36695087140036,30.11339735504025,25.171345269000184,18.375964485670103,14.245788550715805,,,,,,,,,,,,,,,,,,,,,,27.430340185431618,1.6163995800768098,2.7531368336185995,9.857095133943442,1.9426299290608517,17.115070624062174,16.595872888997697,-7.158437621129946,16.852312920943326,12.462117923421898,8.641887041613916,33.8743565746649,23.548035440274653,4.150419879792608,31.031459146256022,26.72277659395654,0.6120994549031065,13.060704669063396,33.52657993837299,-6.6021114812841795,9.234306369637968,22.66158641565886,-4.8837395363985046,27.005094889488905,-1.9301462358561594,-3.684657290369096,32.24012207326599,5.567409204563774,-6.312571013456025,20.415435045122436,,,,,,,14.991703999060952,11.705465556429402,17.054287257877338,38.628661122443624,-27.232820830464117,-33.854902179175795,53.94817898908078,16.823686454911467,3.816553816493088,8.191191516265766,-37.87302505632477,57.136559671514995,48.833917359567,,,18.58623110074999,0.626753912724013,19.385528969211723,57.35849056603774,0.0,2.6415094339622645,5.283018867924529,0.0,13.584905660377359,7.169811320754717,13.962264150943396,,,,,,,,,,,,,,,,,,,,,,,,,,,,,,,,,,,,,,,,,,,,,,,,,,,,,,,,,,,,,,,,,,,,,,,,,,,,,,,18.497483913385498,13.784670282051305,8.820165108745602,45.1970969351337,27.000498183670814,107.8024048811955
42,rat.5GIE.pdb,rat,1,31.695024209028706,10.876781397629436,20.054478760893986,19.866753105007096,26.26110996973839,28.22711193550356,36.74902699627411,24.002007617475066,13.169409869627277,9.939217638727127,,,21.651805902862375,18.76845236499042,33.894307419729294,28.12214753824287,10.153923134997424,13.218052992638322,25.834164778126016,40.4261590379402,28.410928402486693,11.980273304928579,17.37120579502042,19.034192495361086,17.44320707267101,26.561230254982643,16.818384281957503,19.40897920337331,10.411308605797887,24.066998428444755,19.44726288502082,12.95265056562805,17.99463382175947,11.926055155417462,24.562311037528673,12.44915111411605,12.36786108616868,26.26973034817777,35.794398331492815,18.031012951645405,18.315575717065407,21.749873821437326,18.576528847320137,26.32076747035469,10.044201210389804,25.435105428433992,23.584872853255334,10.69635678896962,16.32024722266563,34.145631574124096,23.79465582972714,21.862614702879316,41.843007465859905,30.371481552745855,23.109824324485057,17.759763313735604,14.249455967028867,,,,,,,,,,,,,,,,,,,,,,-13.522155174154596,0.615553937283884,-6.901466254370487,-9.067285549981316,-0.3312360204918026,14.265924332631476,-14.326616954026035,9.399962005572208,9.664819397864042,-20.15682425554863,-8.041274216410867,25.190036794893317,-27.755074575243775,-2.5093553284122594,17.150854414661953,-19.990687410926544,1.8024515503763523,0.8349101447787551,-23.348973620261376,9.399438983461067,-5.904507058116527,-24.225612524819663,6.794535490984824,15.78465852455296,-9.155690223417652,4.268131751582518,33.121864362974605,-6.958086930734088,8.331566878503319,19.642026452465924,,,,,,,23.904831870812654,18.688185299326566,12.630976041263741,55.517492763752664,-7.570492282296535,28.465513692712108,56.729713812844565,42.46388751283517,48.09102430370591,42.76852001870595,9.219922516517451,55.48296761948925,49.661278905142424,,,-2.226611767248329,0.1464359887917305,22.70875473609182,55.32319391634981,0.9505703422053232,1.520912547528517,4.752851711026616,0.0,12.737642585551331,10.26615969581749,14.44866920152091,,,,,,,,,,,,,,,,,,,,,,,,,,,,,,,,,,,,,,,,,,,,,,,,,,,,,,,,,,,,,,,,,,,,,,,,,,,,,,,19.42173615889178,13.672986036216194,8.941121028453944,38.92368275385552,24.258347801495106,116.81796944464938
43,rat.5XPL.pdb,rat,1,18.064631011245304,8.847799399895253,8.192572537273758,17.921629756695662,13.497114674946253,10.78979192985514,19.64909384241688,12.367316846125455,23.933003363332155,15.175371545028398,,,21.971669785206668,18.999928446428143,34.491273208368185,28.322260680703334,9.942940716401392,13.08689222337126,23.205639856623442,40.50824156690851,28.36810585814597,11.912397896077794,17.63577767465713,19.17738448338493,17.95885038476511,26.895841435353606,20.797203999003457,19.268707329876868,10.350700148086581,23.91400116375958,19.563579145145862,13.417611276075487,18.486397938214825,14.364388227351414,24.127756281133443,12.369507581417874,12.204382033498797,26.945781277898973,36.06025472888555,22.150252670503246,18.675090463391296,22.240855619674132,19.01703479373805,26.52161938978482,11.389315828483529,26.036204589519006,24.33390610536265,10.471399106581472,13.409823176641636,34.61814532938349,24.266965888728407,17.142629956139366,42.01493780473194,30.7095694362178,30.187965691911337,23.946443800140404,14.247827320872867,,,,,,,,,,,,,,,,,,,,,,32.91777794196893,2.0942597191363226,2.394960358278197,11.025223492009479,2.047817018909229,4.257264275827641,17.381163184158652,-7.3252150038341926,7.9523319294529005,3.1878359275247012,8.723570820789526,18.57614417373429,13.726045453077429,4.528193861349847,23.0807965447104,27.71491963697002,0.7587837516973114,10.762088867412578,35.350647101303544,-6.26858134594979,12.162804800108905,21.10302256740699,-3.9885560364510986,21.418961753309357,-6.510556100443667,-4.207322294152299,9.222417689725988,6.033940297535382,-6.9383457369616535,3.0436067651768575,,,,,,,14.804262574653444,11.440411880567158,16.649302478102886,29.679299298223548,-34.34960361581617,-34.69534198756277,53.71280827389503,16.059212553694884,6.65323270717785,8.007551745478468,-28.016347441875205,57.127735056902,51.42809112436076,,,16.93175600939288,0.4022723099550096,10.636026730466634,58.778625954198475,0.0,2.6717557251908395,3.0534351145038165,0.0,11.83206106870229,8.015267175572518,15.648854961832063,,,,,,,,,,,,,,,,,,,,,,,,,,,,,,,,,,,,,,,,,,,,,,,,,,,,,,,,,,,,,,,,,,,,,,,,,,,,,,,18.587794161362737,13.906769488807882,8.733982335799137,45.29890263909939,26.51299348209886,108.18810387880174
44,rat.2ZL9.pdb,rat,1,19.374508922205372,8.841890275702188,8.435943989971783,17.503428380330888,12.857106326454591,10.90823392304544,19.807616059342383,10.114247140799055,23.778972886980746,15.159959995036763,,,22.576931151323095,19.78694727168122,35.50442934652162,28.53598225325008,10.311221037871599,12.089953828250582,25.47003873075558,41.77224733239932,29.441516919300273,11.320110954935839,18.5619849633065,19.55456097174294,17.36461891655481,26.17828771132841,17.646905896710226,20.06818227218797,10.150900960908235,23.871963222160517,19.381526400735137,13.349386178171423,18.43472087502211,12.109994820753526,24.075398095933338,12.289634964023179,12.413199009177186,26.8048318132687,35.95115940473497,18.550892327993672,18.745228164075918,22.193726289693224,18.549763640538504,26.100149570550656,9.919800730881326,26.196260914325855,24.27883706612387,10.482625778953347,15.505011436536922,34.52619904453583,24.080961440476774,20.669417550953128,41.898178306019396,30.56716863541907,24.794209051497727,19.555238354536474,14.364520809848942,,,,,,,,,,,,,,,,,,,,,,27.216887866578784,1.2780116120432634,2.960105607966398,9.569647831722158,1.6899719450659547,17.035723819887057,16.222737916561897,-7.467612161838406,16.89445216654432,11.889257881997779,8.416617176039924,34.179788067587836,23.014875257630624,3.8771489789147715,31.065084849022178,26.445062558046622,0.27933962224320535,13.19378623820613,33.13245297846694,-6.935064744522794,9.572098479821161,22.324553160458187,-5.191315023155077,27.104167962023357,-1.868484773682741,-4.195967234965534,32.43886577793909,4.286525294368937,-6.565223204037095,19.67791223551976,,,,,,,15.25981436645651,11.550485369429776,16.60423738049392,39.70517207277146,-29.098821266051704,-29.70998424330098,53.836246340754656,15.611523948065194,7.887566855685026,10.019282698213708,-38.90168073499765,57.17114406086039,51.44764901574258,,,17.82107880628814,0.2613472947647555,19.873318246171724,57.8544061302682,0.0,2.681992337164751,4.980842911877394,0.0,13.409961685823754,6.896551724137931,14.17624521072797,,,,,,,,,,,,,,,,,,,,,,,,,,,,,,,,,,,,,,,,,,,,,,,,,,,,,,,,,,,,,,,,,,,,,,,,,,,,,,,18.504530112649235,13.75762372323827,8.714592573546737,44.73956353528226,26.478839484615,108.78159698010273
45,rat.2ZLC.pdb,rat,1,19.035548407409618,8.91897940919865,8.411654959636149,17.69262264402821,13.016964960754924,10.632645777059137,19.57278535039602,10.115570172711053,24.070036845540475,15.33575614320574,,,22.54322402033464,19.74037486550918,35.384556019927096,28.516487132232534,10.316697922670969,12.290473107445784,25.66138529915398,41.742174662435346,29.427226225972678,11.336895211731141,18.488649305224367,19.571241705922095,17.400658387790774,26.22047485150783,17.319494412035922,20.083372710261603,10.176990451700545,23.846430571977873,19.387207003753367,13.336501522718642,18.37528717874994,11.902305854216385,24.081985763004166,12.316900147201496,12.410394483862738,26.73965798987288,35.8977259235867,18.241556607776513,18.84472930283044,22.17828926516281,18.539324526610617,26.07573608189652,9.984258704336337,26.230287133943538,24.29250155057747,10.538227563050745,15.743120499740517,34.54391038677001,24.114444726488912,20.9659897963501,41.848248257653054,30.553910029705094,24.21845506191639,19.06118340910854,14.330216144900051,,,,,,,,,,,,,,,,,,,,,,27.013146906613354,1.5785130229285373,2.784977539139314,9.416715162733649,1.950799866849934,16.871280873223046,16.110884528998334,-7.197213447367456,16.70653276113276,11.77293932958696,8.740800263562166,33.905782786098506,22.899775395158144,4.148166756889992,30.885993407948586,26.328879143167907,0.5432101736544328,13.026763597529607,33.00386257721248,-6.803093691196192,9.4868969543983,21.638045390422253,-4.965572645883409,27.008724605221516,-1.9806896235303033,-4.039344493702528,32.284236271104064,4.154977262016283,-6.341473092059946,19.540261594976286,,,,,,,15.135691444909535,11.606188345004465,16.751834102306937,39.356535176149876,-29.056999936503164,-32.78983392877193,53.870642304311986,16.612919350680908,6.177497651112747,9.108111123870938,-43.346637794893844,57.10524144807958,51.59771698359619,,,17.845910297973468,0.5674426729669585,19.437052871645957,57.79467680608364,0.0,2.6615969581749046,4.942965779467681,0.0,12.927756653992395,8.745247148288973,12.927756653992395,,,,,,,,,,,,,,,,,,,,,,,,,,,,,,,,,,,,,,,,,,,,,,,,,,,,,,,,,,,,,,,,,,,,,,,,,,,,,,,18.554026679665945,13.820312917757331,8.689130855416261,44.810040277068246,26.30164949057325,108.88831023235853
46,rat.3A2H.pdb,rat,1,18.222835528739473,9.316001826186675,8.612096873321946,17.672582202271897,12.693527866018375,10.496617878209081,19.551082526919444,9.895944929585298,24.104092844033346,15.641393153931398,,,21.320820065029167,19.004610215201893,34.46920850664643,28.109114972422056,10.078136714548021,13.358281869489122,25.285439127936396,40.41417024426234,28.147049812340892,11.329348056363683,18.520270016266654,19.566955990379828,17.42877014974817,26.216837039007785,17.304117915587476,19.780587316904505,10.117116161249063,23.947908531234656,19.36031314145555,13.38664584053613,18.12119411289578,11.837016103655243,23.898302552375913,12.171112008400549,12.417120780676381,26.746094014065612,36.190559373625746,18.42700561255541,19.014000376406965,22.47738278698573,18.597897718070058,26.456550030779056,10.040241886370573,26.140514005841574,24.310961499860706,10.945690792999267,15.82807767239611,34.39690516476812,24.029330152250488,21.028780838004703,41.559743469577946,30.131257842109108,24.134825831377086,18.997551432247896,14.301482410909912,,,,,,,,,,,,,,,,,,,,,,32.84425863591554,1.2907614593682666,2.2545564813217154,11.596330164205028,2.042928315920859,3.8473995138669994,16.794569065939704,-7.16033687708093,7.925677274148361,3.7976516014812303,9.792079228668308,18.75148198419047,14.242080884159614,4.640678662611558,23.059829422485773,27.50900413862965,0.3503712879325895,10.752766022853312,34.49975209040622,-8.019834828864294,11.689376706657775,15.222280743342576,-4.651920327038542,19.386510842449216,-6.69585370284821,-3.023755396368685,9.414836997595069,5.706432410888455,-6.140375491479623,3.0115271124395013,,,,,,,15.33835449177402,11.883176149945797,16.981046172038027,29.105216654630215,-26.25474694800739,-29.869577485008488,53.57943784923243,14.988482542035277,5.851892149014952,15.385553123230972,-44.732368307217286,57.06985539042432,51.924826352911346,,,17.034702488865744,0.7589125595237717,11.301478935311467,56.15384615384615,0.0,2.6923076923076925,5.384615384615385,0.0,13.846153846153847,6.923076923076923,15.0,24.621341917355423,28.561020423677782,24.161713987283438,6.562135626467995,20.4305520629901,16.84716743556721,30.1184197376712,37.64203269719941,4.984672844879171,8.834359918901056,,,"[1.0, -0.8620344475918409, 0.15932066200075298, 0.5845919182359715, -0.757039568360298, 0.20038513196977173, -0.3821021412421796, 0.8624297357090028, -0.707490085836033, -0.8343037840122387]","[-0.8620344475918409, 1.0, -0.49459711097605213, -0.32002522548158674, 0.7593738643011527, -0.034554682323430355, 0.14696672354168178, -0.5887027756472655, 0.6993496153617479, 0.4824554581149302]","[0.15932066200075298, -0.49459711097605213, 1.0, -0.664221013738548, 0.15839647582799435, -0.8106981546245987, 0.781145913740113, -0.35686626042227226, 0.2358824500184774, -0.006122856851202866]","[0.5845919182359715, -0.32002522548158674, -0.664221013738548, 0.9999999999999999, -0.8149183021993117, 0.8989336887603773, -0.9716205691053389, 0.9079295204177846, -0.8461309319914074, -0.4446951102569579]","[-0.757039568360298, 0.7593738643011527, 0.15839647582799435, -0.8149183021993117, 1.0, -0.6762569872252833, 0.739859643326084, -0.8382773189903189, 0.9960209820431736, 0.35207288529007696]","[0.20038513196977173, -0.034554682323430355, -0.8106981546245987, 0.8989336887603773, -0.6762569872252833, 0.9999999999999998, -0.9756434319678103, 0.6359810022037762, -0.7376068472528938, -0.01893973128038823]","[-0.3821021412421796, 0.14696672354168178, 0.781145913740113, -0.9716205691053389, 0.739859643326084, -0.9756434319678103, 0.9999999999999999, -0.7830619556775485, 0.789268584767598, 0.23762845357718623]","[0.8624297357090028, -0.5887027756472655, -0.35686626042227226, 0.9079295204177846, -0.8382773189903189, 0.6359810022037762, -0.7830619556775485, 1.0, -0.8325584332547437, -0.7438911341845537]","[-0.707490085836033, 0.6993496153617479, 0.2358824500184774, -0.8461309319914074, 0.9960209820431736, -0.7376068472528938, 0.789268584767598, -0.8325584332547437, 1.0, 0.307401255711511]","[-0.8343037840122387, 0.4824554581149302, -0.006122856851202866, -0.4446951102569579, 0.35207288529007696, -0.01893973128038823, 0.23762845357718623, -0.7438911341845537, 0.307401255711511, 1.0000000000000002]",,,,,,,,,,,,,,,,,,,,,,,,,,,,,,,,,,,,,,,,,,,,,,,,,,,,,,,,,18.298723616454225,13.925324254043153,8.533925864293034,46.81035835927136,26.53941247460628,106.65022916612236
47,rat.3W0H.pdb,rat,1,18.81379211873048,9.563200905035474,8.17767956691589,17.91055366966775,13.350404122069794,10.132735976481461,19.044521195912473,10.061742899959146,24.444368163347825,15.660997989243556,,,23.543017483406878,19.911156117758267,35.33327881863934,28.925952144013543,10.51075827341712,12.54994795830969,25.81763645474953,41.739324395857004,29.421853685540587,11.896642505346845,17.36185636006517,19.369696549681773,17.992449045811146,26.865689140056382,17.343229681518757,19.188756178747226,10.08743475017088,23.55968648261839,19.499189677662258,13.356297420922395,18.093599471368496,11.88196139307297,23.860791852938057,12.296445853127654,12.28323842461924,26.482100528780023,35.81790095979883,18.14928101925651,19.056844123764503,22.18989904967189,18.72468760359602,26.4664916470107,10.076873532131481,26.409786254585523,24.60289861789743,10.84566310430603,15.720086500070096,34.450718954781294,24.084467474376837,20.86815326036601,41.51523252719693,30.204485425115827,24.34295806347883,19.320233662122725,14.255422146519477,,,,,,,,,,,,,,,,,,,,,,-34.296870581780865,0.4680141403496692,-2.6939686285328275,-10.86467771181747,2.1172821119531444,-4.270650171103056,-16.82246075937398,-7.502026198581643,-7.945406174588175,-3.9393354836987693,9.117229969949834,-18.570105450109274,-14.276168503206124,4.368248808644302,-23.20421887690735,-27.526416231214434,-0.01064029687269509,-10.719420472437308,-34.50308116580154,-8.254667470409167,-11.714694567649316,-15.41391709327263,-4.916450246221864,-19.45678351536461,6.695890536794869,-3.7238343741090754,-9.341760963571529,-5.693689084812162,-6.422961039374443,-2.8279224162792165,,,,,,,14.780877584250744,11.545444770640987,17.021927025899778,38.10928203314087,-30.75352545939067,-36.22131666027237,54.06103425032039,17.414596278225737,2.658887463769908,13.696337429364423,-43.62353681927933,57.07421540295835,51.98880949597285,,,-17.396766595344662,0.08116692064578589,-10.952031861704125,55.55555555555556,0.0,2.5925925925925926,5.185185185185185,0.0,11.851851851851853,9.62962962962963,15.185185185185185,,,,,,,,,,,,,,,,,,,,,,,,,,,,,,,,,,,,,,,,,,,,,,,,,,,,,,,,,,,,,,,,,,,,,,,,,,,,,,,18.29371496693251,13.840174482947724,8.750209440696707,46.67230622553774,27.38143098487087,105.94626278959139
48,rat.5GID.pdb,rat,1,19.45822695229018,9.209223054720349,8.582181298240918,12.555453500089069,10.957939315722266,20.119640214997425,9.867476957910881,23.927014538900572,15.389928277029776,,,,23.32562085037745,19.705527025458156,28.596182028550494,10.350067450827451,12.015636417313708,25.750018826267688,41.868729282857714,29.406926275116177,12.047335146910147,19.046616611107417,18.000792021549714,27.14907172909283,17.344619609392215,19.485959467919702,10.25131845112081,19.31052740887559,13.344371791163224,18.649943413107998,11.844903316938503,24.363901792888004,12.451751572139605,18.58749868639166,26.512809437622792,10.073764351861428,26.074223585194773,24.242729537629046,10.660731920256358,15.845552181974746,34.71307936947715,24.201094474275088,21.453573095920472,42.42297542515382,30.905325641630384,24.353420605844097,19.13593823383459,14.597032827792287,,,,,,,,,,,,,,,,,,,,,,,,,,,,,,,-29.189604057731373,2.522388477597084,18.105379283049217,-11.340884172666968,3.2829328706825986,3.1077341763594375,-18.420682254657034,-6.400597648912536,4.223072661437346,-24.99153186566617,4.771501370851164,-10.091416770289916,-28.611354285973473,1.423199088773096,7.830102832965913,-35.38996725794534,-5.711012606771725,11.929448480131944,-23.854725827358532,-4.413053511653909,-6.112427971819427,-0.15507579373537878,-3.0325653771855916,-11.54473282331018,-6.313455451583751,-5.497333010080426,1.4580610257546804,,,,,,,,,,15.394901568524931,11.694398399110957,16.85145290468033,39.512342204220275,-32.349925439834465,-27.43971738545102,12.168650828977755,8.291705448124668,9.929955673694531,-44.81702679759981,57.06810164569472,51.463697870249064,,,,-20.083702858458526,1.356200559134149,0.9488888139951132,55.98455598455598,0.0,2.7027027027027026,4.247104247104247,0.0,15.444015444015443,8.494208494208493,13.127413127413126,,,,,,,,,,,,,,,,,,,,,,,,,,,,,,,,,,,,,,,,,,,,,,,,,,,,,,,,,,,,,,,,,,,,,,,,,,,,,,,18.481520915748604,13.838714348827141,8.858481545637261,45.73844826598409,27.285934677980244,106.97561705603567
49,rat.1RKG.pdb,rat,1,19.116288399065997,8.867133384504106,8.15956236493493,17.82144708643461,13.001003284886819,10.718114032449636,19.529769723705677,9.919319571730707,24.013694585925595,14.521321390092282,,,22.449141882711817,19.675775301622696,35.27478332978775,28.49122580703761,10.277159586103439,12.081287463092087,26.181377559617736,41.76161861935261,29.430089943203217,11.334396032140194,18.55046850509762,19.392129255139896,17.302985701141402,26.098657670459097,16.843459115354097,20.032543081014687,10.428996172511257,24.066140099318556,19.384774124212566,13.305002515817112,18.338756556313427,11.6757955134819,24.394902961250903,11.752636647375727,12.235299338979662,26.692703987973157,35.93025801835122,18.037209704297602,19.027113380743195,21.71626340050208,18.56429722620841,26.20613119370342,10.344508594904047,26.19760756306979,23.1372247736927,10.48530359803368,16.407731052284003,34.64627954791272,23.682386099242937,21.81733974034311,42.124568712659446,30.056266589142794,23.511781571432053,16.9452443700292,14.094062330157325,,,,,,,,,,,,,,,,,,,,,,47.89195704730466,1.5865614443850047,17.635561072408915,65.51097895726087,1.0164059059611341,3.7355984512860374,58.51535274029873,-7.895730423572586,4.057426495049401,63.50103032064923,7.957243208513379,-13.349622231406386,52.488911785434375,3.5035714297478413,-10.41694376832165,48.627953582141544,0.3305129491936534,7.46203363908111,41.69088108993997,-6.568747333114634,11.232819278419639,54.212371595482836,-5.96465852846221,-6.623374761219614,77.23011399911427,-5.060909042567381,-11.331946112441164,69.61083046457925,-7.890383179072623,0.1825311877914105,,,,,,,15.049871450163323,11.350051696710686,16.56067947533896,39.27669217367205,-29.136078643806798,-31.13675661529282,53.91569625869957,16.992816441685154,6.680649347081728,9.174279668390376,-41.84922994734707,57.142125591737674,48.80026347222886,,,57.18414139264271,-0.4277408872343507,1.0515212037474655,58.333333333333336,0.0,2.6515151515151514,4.166666666666666,0.0,13.257575757575758,6.8181818181818175,14.772727272727273,,,,,,,,,,,,,,,,,,,,,,,,,,,,,,,,,,,,,,,,,,,,,,,,,,,,,,,,,,,,,,,,,,,,,,,,,,,,,,,18.732761201755977,13.599592963276294,8.854370978864804,42.554270344881346,26.123991823189236,111.32173783192941
50,rat.3VT8.pdb,rat,1,19.05276951364892,8.566175701267362,8.420612052963229,17.606351505743596,13.264501201049201,10.828034495706609,19.801780231752193,10.353956812225674,24.119790398881257,15.228047608157873,,,22.467881184426712,19.71720981240453,35.34703205801574,28.509965827511458,10.266063413048453,12.136674939186138,25.691745693859485,41.88500172517575,29.51104424445993,11.24702932052441,18.48314557545476,19.6774628768637,17.37069635371512,26.133907065881317,17.227821592710068,20.21135222094861,10.231932370582676,23.80171979129205,19.441918767641056,13.319830071975835,18.397511888396444,11.856015627793319,24.30521338896584,12.40821675135475,12.547054187397329,26.782954592166305,35.94937700749223,18.199491575147043,18.907772278220225,22.125032203633392,18.594270126267972,26.142323947669688,10.050532839014968,26.58597114363578,24.448785159026723,10.465923475248216,15.823623207092881,34.77724119463323,24.220308098544994,21.141987919189027,42.13741265662841,30.659029375523073,24.406055308134565,19.020463520633804,14.371050964571198,,,,,,,,,,,,,,,,,,,,,,27.196204615009027,1.1669613480116405,2.9335804880470695,9.609883414108186,0.7996114322151177,16.911850966744563,16.52214368865111,-8.070077278420772,16.699840094075725,11.612309806184166,7.498108114795186,34.02170488491798,23.055859089972525,3.289804790643551,31.06131104238181,26.536635365272794,-0.05726645397737388,13.105025453948993,33.37088365134933,-7.054715721145578,9.38154478293447,21.839920794706075,-5.849862314156928,27.061162342189427,-2.0150010595777523,-5.482699865262206,32.2054242684386,4.454677178421515,-7.634345557776581,19.554701358780598,,,,,,,15.02072755711388,11.559128201095922,16.701693565265696,39.72190225067151,-30.174429023938877,-33.18118561151209,53.90801822766137,17.222454024222937,7.1261436221902015,9.991987614034574,-42.84514023822191,57.157551479196655,51.32838908913464,,,17.740649780804556,-0.19406476113318052,19.418364892090946,57.414448669201526,0.0,0.0,2.6615969581749046,0.0,14.44866920152091,9.885931558935361,15.5893536121673,,,,,,,,,,,,,,,,,,,,,,,,,,,,,,,,,,,,,,,,,,,,,,,,,,,,,,,,,,,,,,,,,,,,,,,,,,,,,,,18.653443377811534,13.760698258308743,8.841809875335635,44.1273720575691,26.57524635274066,109.29738158969025
51,rat.3AUN.pdb,rat,1,19.09784604625941,8.695252289301855,8.313619177312317,17.45795536300225,13.301390055009808,10.885696993186421,19.80144374464542,10.502027504890307,23.731948844497648,14.799130374727698,,,23.18561515136936,19.61180695462461,35.215928235983874,28.617818522154245,10.375066822854158,12.791717084094833,25.564041150463034,41.56682920169807,29.178161485284217,12.017161060705366,17.424334388168184,19.151626101340565,17.918137715253245,26.843440151740044,17.574835868482317,19.21965463423014,10.151995967587542,23.67555156590191,19.441489862701353,13.297286706541987,17.997953756891643,12.061045621635246,24.292553971003905,12.241157129836735,12.21297941659337,26.564759227404508,35.755117119822266,18.29892356950868,18.395148421410546,21.84574640308761,18.592836183843232,26.222808036232433,10.033624028622297,26.13954711227068,24.112492082928945,10.81460241925052,15.598698761916927,34.51227260192163,23.9550009641335,20.52121925304552,41.72638626952548,30.129103420039943,24.813681084291304,19.24764536282612,14.420725532630245,,,,,,,,,,,,,,,,,,,,,,-8.241686729796701,28.25801584083465,-27.158427555975585,-5.750000805744245,16.135020024730796,-7.552376866302878,-13.626047381271613,25.155575754611405,-8.557177654108616,-15.338666845998322,1.8089209133747441,-5.017066887073144,-22.53917365494051,8.317251792738185,-12.429974352382207,-14.884776292007205,22.60030722007962,-21.54578951225914,-20.139384522175725,31.730135531778675,-23.99343181308719,-23.165013471959792,17.805141932911724,-9.226557994932278,-9.819214696263021,10.342070838772935,10.315985182335023,-7.292559653775303,21.16668263799903,1.1289770414993765,,,,,,,14.928162195968287,11.357471472288195,16.173200637599738,39.486253713369365,-35.52262805000278,-33.040147631676106,53.56778190504769,17.222317145097787,7.5823101089127105,16.044732285659187,-36.67739372412622,57.13819675930403,51.46066704588189,,,-13.04783773472565,17.627882032449836,-12.037948352581243,56.75675675675676,0.0,2.7027027027027026,4.247104247104247,0.0,13.127413127413126,9.652509652509652,13.513513513513514,,,,,,,,,,,,,,,,,,,,,,,,,,,,,,,,,,,,,,,,,,,,,,,,,,,,,,,,,,,,,,,,,,,,,,,,,,,,,,,18.59200128396752,13.654817192315049,8.515890187153087,42.96227440470337,25.152627735008558,111.88509786028804
52,rat.3VT3.pdb,rat,1,38.7279233198671,18.023230731776295,10.004754162728204,8.475972127598045,18.77717929780108,13.15881121195168,9.370369019865535,18.237784186994496,10.005973199596516,25.329362343529127,15.462126760325038,,27.163232988485095,46.88759438401127,39.49626955688536,54.94611849351188,43.696185847200006,29.92176426555185,21.147345874916947,40.36505094402108,62.849483481534705,50.98942973123708,22.590569968731284,19.856538424399652,35.436583939325125,28.469696585933157,10.336168437065865,12.209742765257381,25.66268706921205,41.80017922178996,29.13746065934507,11.47161011129479,18.58618977019446,19.58562268408537,17.46699859563115,26.21904361823602,17.32738547946329,20.090266992779522,9.928715677599278,24.039899862594737,19.469534179509225,13.46596769076685,18.404715370331843,11.914935919885284,24.132549975966434,11.551739922973304,12.449450199621426,26.79562010976951,35.92968098309068,18.314772181754098,18.914051206111342,21.501106841103407,18.48560476813027,26.024858239432337,9.999224192205192,26.2615903781907,23.19753526870109,10.45901926119584,15.727333310091195,34.593433862863165,23.453750936153526,20.975305287487835,41.891958887719774,29.87550468048563,24.235825443601986,17.84015903364535,14.204458233043903,,,,,,,,,,,,52.304326791216646,-8.543779437969363,1.1249506473671766,27.067685157581305,1.3610937894652213,2.8121470765472365,9.343325962565787,1.786304183732076,16.812152032218506,16.02921579892879,-7.535031807047036,16.71514178232299,11.717195826600765,8.722091450242162,33.891556209063324,22.829496273694957,4.011349733175328,30.839589380696676,26.341635861587854,0.3198889303757464,13.07007682969882,32.96229030596369,-6.96037207443246,9.52665781184318,21.52187378827511,-5.133335747904873,27.01214436688825,-2.119733513011283,-4.0664603174148475,32.23817689265042,5.075686306422868,-6.499235312152133,20.235086742969635,,,,14.722524208208679,11.832969032987291,17.600303862728694,57.26253502487331,36.559273579193516,-23.729126330781355,-36.82479862960009,54.22435767660597,17.85537033259465,-2.663057055616911,4.477051076118364,-43.4746547879665,57.1183585923322,49.79449685745463,,18.988404017453142,0.10848231031823992,18.87430841155829,57.509157509157504,0.0,2.564102564102564,5.128205128205128,0.0,14.285714285714285,7.326007326007327,13.186813186813188,,,,,,,,,,,,,,,,,,,,,,,,,,,,,,,,,,,,,,,,,,,,,,,,,,,,,,,,,,,,,,,,,,,,,,,,,,,,,,,18.53853214313993,13.794334770279425,8.631309052734792,44.59289595576399,26.058703016332426,109.34840102790359
53,rat.3VRT.pdb,rat,1,19.199646799700673,9.082937279761767,8.504366060077128,17.656209554628447,12.863893795235311,10.695291114373243,19.87328989763358,10.135667634166518,24.116616773252563,15.393146062197193,,,23.224002404127084,19.758874582183342,35.453492176779164,28.589915933226372,10.422383909468595,12.642078578652553,25.59983789209371,41.76510877625588,29.44615224207665,11.914614094245914,17.710968109681513,19.16818858965424,17.85153946960666,26.926696323586146,17.50788803027363,19.332436362739205,10.272038336388075,24.012157208544618,19.352058687414182,13.294303302260394,18.211722302089743,12.020433142325185,24.34169443629716,12.384991649625833,12.555265245636326,26.7905085358287,36.34052557047453,18.67707544464171,18.971438218559747,22.336035165629497,18.516079333714714,26.46458002027341,9.91459109566403,26.47882802814026,24.30452963644983,10.979581882751342,15.551724126070793,34.652080427886325,24.12470444529571,20.85780071177554,42.09569383610676,30.450593771388586,25.044522815886005,19.4337624327176,14.340276092827363,,,,,,,,,,,,,,,,,,,,,,26.92812893841588,-3.0283535374057546,3.095574587067652,9.151336563172118,-2.5728546302142887,18.033193582741735,16.29235334658232,-12.062978872653419,17.083746281978655,11.614152804454074,4.0268806471341225,34.283006560519546,22.85993980825421,-0.6907280700900704,31.29785530059759,26.330336003895606,-4.144248992104032,13.44079122559056,32.901766187807944,-12.064139537194773,9.614192551599565,22.13749932998499,-9.747478689822959,27.328917840578026,-2.379531700531186,-8.631465322895759,32.31869004870352,4.252151523582751,-11.404080680299387,19.909947158571125,,,,,,,15.16852187394863,11.81119911038532,16.802345791368165,39.22658391106122,-32.793163984632486,-30.181539612616454,53.94308821121112,15.158853231914701,6.485112608053558,15.685948924548105,-38.70876853295657,57.17575001927361,51.62343839436126,,,17.867994570776286,-4.224056705955411,19.98079582951196,57.30769230769231,0.0,2.6923076923076925,3.076923076923077,0.0,16.538461538461537,6.923076923076923,13.461538461538462,,,,,,,,,,,,,,,,,,,,,,,,,,,,,,,,,,,,,,,,,,,,,,,,,,,,,,,,,,,,,,,,,,,,,,,,,,,,,,,18.41734348878108,13.488732150172236,8.703966411633603,43.382801222537445,26.309568578132577,110.30763019932998
54,rat.3W0G.pdb,rat,1,18.747002483906662,9.118983522124573,8.392946533804777,17.76927139483017,13.22246149878107,10.328777216271893,19.425416930853732,10.268014891187445,24.4881653070812,15.615250287797776,,,22.640028787925218,19.793866821878527,35.17239904048633,28.568621240768906,10.307838295893085,12.185632145404465,25.450301083058537,41.81064445996489,29.48883255010746,11.415210615126911,18.326882351897254,19.735279722473237,17.474736897713335,26.3740544995144,17.598492246604565,19.962593614015887,10.156098671815585,23.70467272090885,19.379227380346325,13.362494007037476,18.46776096775327,11.988858653443872,24.232100956769756,12.417599033617684,12.422206649735312,26.526136702226474,35.880194275412926,18.394068440402258,19.064590133001506,22.209141793972393,18.570107688388664,26.234588962802434,9.841371722398932,26.55616478984452,24.479438803945893,10.659265841378485,15.502227322540628,34.67892964104456,24.194426753594026,20.821368549655958,42.17061373407099,30.708934049684935,25.010825667468694,19.572254871029326,14.340552129112515,,,,,,,,,,,,,,,,,,,,,,27.425530218484035,22.440058909100806,2.8073127180239488,9.836161850078504,22.968542747897246,17.05181091033485,16.62422599086587,13.791343618643946,16.961065385402282,12.527875313014501,30.00996940246069,33.75652898763671,23.63187639151277,25.176668506077714,30.990379942039016,26.787610138365565,21.537990013544384,13.055769187821307,33.43970507608889,14.088180950442188,9.331534214029475,22.671283175948936,16.221395780211925,27.02390184957331,-1.7356036002433792,17.438879386080703,32.34959543182908,4.560854533439175,14.72172013199546,19.755029304863243,,,,,,,14.847162157263377,11.667643158742475,17.037386050967406,38.572847443142486,-27.52720482765137,-35.70075011041756,53.88970105453481,17.878415745210415,4.045627663184235,7.883162952144966,-37.9830033843854,57.111160156368804,51.76456604797267,,,18.566725906747433,21.611721714188533,19.308389828003296,56.766917293233085,0.0,2.631578947368421,6.015037593984962,0.0,14.285714285714285,5.639097744360902,14.661654135338345,,,,,,,,,,,,,,,,,,,,,,,,,,,,,,,,,,,,,,,,,,,,,,,,,,,,,,,,,,,,,,,,,,,,,,,,,,,,,,,18.417283139184917,13.690252274447209,8.877641906248726,45.15860742830296,27.374278365020437,107.46711420667661
55,rat.2ZMH.pdb,rat,1,19.086589666664903,8.887438346825244,8.455966579972795,17.73424385683469,13.227130519594466,10.669166549085883,19.606282093465992,10.35714936905517,23.952452358534874,14.414891627702113,,,22.667043362134816,19.816846237301032,35.49888618806863,28.184964714511842,10.34307810619822,12.105186319954715,25.690671018188624,41.66814303290717,29.08226928103878,11.423764361926018,18.61576657893282,19.998497975476194,17.467049205174394,26.22773162247118,17.537273966471783,19.8830467394395,9.774176368648469,23.912351215142618,19.62347996529,13.310619095560947,18.358083861263978,11.880232040475308,23.966792976721887,11.58741908636802,13.027594613724158,26.796237432811026,35.912455403279914,18.461323117872954,18.982864973996456,21.49644900619009,18.204568838526008,25.688780448136953,10.42846492857618,27.119116497785775,23.832673631554638,10.430082156107773,15.72976545972378,34.441270855080965,23.363230319004,20.899950144212347,41.76318954818902,29.851668733636423,24.380054543136907,18.060456418027,14.04322102581362,,,,,,,,,,,,,,,,,,,,,,27.445645717435227,5.655500496599557,2.962484493164777,9.761645089699737,6.271997858672219,17.12902632883195,16.47273001846553,-2.9721205243072513,17.028993348447365,12.399061109380588,13.126570218162842,34.23474583515352,24.16308990130063,8.717047155758719,30.78772474955843,26.709392282052775,4.640048760811897,13.22922951591129,33.2608882970487,-2.6234816728552075,9.60905833379269,22.174294286411325,-0.8858929754446068,27.24073819682594,-1.6232734065896497,0.46891967280202435,32.361999185246454,5.46237893900666,-1.8488811124574396,20.461016572997586,,,,,,,15.024411102290223,11.51742731908186,16.73453844674587,39.32706714815445,-28.87156952097017,-32.76062516157025,53.911429647675284,17.791001721999034,6.2747660320471015,9.52741807210325,-43.32619224638312,57.140675191038305,48.46917788260326,,,18.17734903166601,4.8911754518539,19.63018946038127,58.55513307984791,0.0,2.6615969581749046,3.802281368821293,0.0,12.927756653992395,7.984790874524715,14.068441064638785,,,,,,,,,,,,,,,,,,,,,,,,,,,,,,,,,,,,,,,,,,,,,,,,,,,,,,,,,,,,,,,,,,,,,,,,,,,,,,,18.363916346496662,13.7183068793775,8.829717882545165,45.573511314126,27.365068893690868,107.06141979218313
56,rat.5ZWE.pdb,rat,1,19.086589666664903,8.887438346825244,8.455966579972795,17.73424385683469,13.227130519594466,10.669166549085883,19.606282093465992,10.35714936905517,23.952452358534874,14.414891627702113,,,20.416901892090998,18.808902920852777,34.88745198611719,26.96641572080281,9.91438128672019,12.99840176355095,25.797136415196245,40.830443454548664,28.274326252763924,10.449349364682591,18.935862783920633,19.917211039505037,16.690719488916848,25.561524412418187,16.964996752726062,20.974789506804825,10.494066413359857,23.433426134557127,18.928698411061774,13.001035580108743,18.50120316557268,11.535769671312815,24.297802478465734,11.672697332398597,14.696036944160463,27.426793711683306,36.75788741319908,18.18352708255646,17.676988863021744,20.652411529931012,17.629711568201902,25.29957355156282,10.601962879167965,27.77197813602859,23.82360710359466,10.641798383440383,16.54503963467034,34.8256459193563,23.574400210173124,22.07361421265913,42.36498287064312,30.13617774038756,23.57701687056718,17.001463790487648,14.155335027799127,,,,,,,,,,,,,,,,,,,,,,25.77511685703693,2.2850204614895233,3.2182012401582574,9.979487643616459,1.6908573300289602,16.140853862457583,16.258669058745014,-6.637864261453221,16.767894174299755,10.309621328692385,8.164130389688781,33.9328365236601,23.980237316682675,4.432412704517331,30.038989647984053,26.33545468100353,0.652255246571194,12.981144217275997,33.13962323902299,-6.602213678660638,9.196458803572574,20.6489436521754,-5.265897151616366,27.346985683185864,-2.4098231514553845,-3.972405416943355,32.08996756625447,5.175277332182112,-6.594747589598791,20.429646733109617,,,,,,,,,,39.32706714815445,-28.87156952097017,-32.76062516157025,53.911429647675284,17.791001721999034,6.2747660320471015,9.52741807210325,-43.32619224638312,57.140675191038305,48.46917788260326,,,18.17734903166601,4.8911754518539,19.63018946038127,61.59695817490495,0.0,2.6615969581749046,1.9011406844106464,0.0,13.688212927756654,5.7034220532319395,14.44866920152091,,,,,,,,,,,,,,,,,,,,,,,,,,,,,,,,,,,,,,,,,,,,,,,,,,,,,,,,,,,,,,,,,,,,,,,,,,,,,,,18.803203994201134,13.80820772475312,8.595940590750379,42.90508665784322,25.075082418466298,112.01983092369048
57,rat.3W5Q.pdb,rat,1,18.92571707898405,9.082664034500013,8.455292417628863,12.669946998935108,10.575739153874542,19.444718099764067,10.102117490135033,24.4964321821,14.752184767975265,,,,22.557571565183473,19.645410314938292,28.26378642935163,10.195179955812174,12.072891904005067,25.32209613015434,42.00104072021954,29.323777818559073,11.300117113415086,19.25599893927982,17.472768458607195,26.196967998718222,17.545811860565102,20.31323800371062,10.08110281674296,19.219781013558002,13.351514928497721,18.363990231557437,12.007695391648522,24.398492430262735,11.735784287426137,18.42777411337414,26.034010061672916,10.016008226206694,26.33074148968721,22.926418131459414,10.435855112710126,15.499054374551905,34.903892451444186,23.65719376255393,20.60282047047013,42.16143529271394,30.05508118635958,25.012254305959935,18.216991918843345,14.137787101054347,,,,,,,,,,,,,,,,,,,,,,,,,,,,,,,27.054994064257457,1.7129749753525854,2.7761674433190215,9.328607379067568,1.6438456665273127,16.726596509987832,16.09781368748561,-7.394400494169271,16.301627017408226,22.518044598861287,3.728646832969438,30.60052331789147,26.32945209833872,0.46640506267031256,12.868805683139191,32.99351956791239,-6.6491618475074326,9.145099969574861,22.036459144993348,-5.41880483300396,26.549273602464947,-2.3556388369089727,-4.786742789052239,32.04826615382229,5.031520575428528,-6.803023212452044,20.1637588781433,,,,,,,,,,15.107217388575327,11.793740971427138,17.061881652947598,38.79505303183429,-27.908494989141303,-31.27799702228675,14.926372517019919,5.501252069042721,8.87374627637127,-38.62407348847355,57.113702459581,48.67387499646366,,,,17.9345276916484,0.29562976997191903,19.298606508682234,55.893536121673,0.0,2.6615969581749046,5.323193916349809,0.0,14.068441064638785,7.984790874524715,14.068441064638785,,,,,,,,,,,,,,,,,,,,,,,,,,,,,,,,,,,,,,,,,,,,,,,,,,,,,,,,,,,,,,,,,,,,,,,,,,,,,,,18.905863799531,13.675435560786745,8.846164279916497,41.975627699298016,25.634762207095935,112.38961009360604
58,rat.5AWJ.pdb,rat,1,19.317822508520788,9.001528083705724,8.091114265229225,17.951866605889037,13.507799495598006,10.888984512146555,19.794651453767635,9.965482009325648,23.734229991914912,14.978184979344253,,,23.267508557037097,19.654851828576227,35.65607103970974,29.18930046912188,10.343390401933974,12.082866306148933,25.678989940278232,41.64898462183325,29.264765810559346,12.026670249047635,17.747614571955378,19.323002197564886,17.874223475823673,26.951946522501814,17.36441171655828,19.441263685101493,10.238607853996914,24.190562465809013,19.85615028474084,13.269776324270069,18.457436002892,11.779863011262302,24.03514881742459,12.373136945477173,12.204700141291914,27.00549429306178,36.33209667649029,18.84956477092548,19.180083052328314,22.476879925440908,19.19532610892612,26.917950306895555,10.715787735725339,26.16708395192297,24.531226456441967,10.567863016730717,15.786423338157674,34.50307399673086,24.037561459906467,21.0969930667437,41.95080428194336,30.64279162487791,24.285490348616648,19.119452125075743,14.27929453608902,,,,,,,,,,,,,,,,,,,,,,32.80698498096825,-22.6299873342852,-2.505511101663948,15.20328414072988,-24.179887798194468,-17.64104808358696,22.20949892531294,-14.433847705962261,-16.887089071292724,17.84178286029226,-31.27672420332431,-33.69256080171961,28.81093645332223,-26.568168484894024,-31.150538371093564,32.283122639498,-22.053832711311216,-12.819547125667105,39.00053030327499,-14.728415445558424,-9.228666328198898,27.802068678637852,-16.742874939736065,-26.99435029043572,4.144362225931833,-17.91773981943432,-32.35323631131691,10.194385824901191,-15.47928259384267,-19.650898209248638,,,,,,,14.922784489599312,11.152044981306757,16.352494372389877,39.311221718660285,-34.42726595259076,-31.853105890911745,53.974796382123145,17.218471852350614,7.692182734061963,9.065828062791784,-44.50392875627019,57.0804275164844,51.415965753872854,,,23.711366930130797,-21.930911238359,-19.53370217870137,57.414448669201526,0.0,2.6615969581749046,5.323193916349809,0.0,13.688212927756654,6.4638783269961975,14.44866920152091,,,,,,,,,,,,,,,,,,,,,,,,,,,,,,,,,,,,,,,,,,,,,,,,,,,,,,,,,,,,,,,,,,,,,,,,,,,,,,,18.320744292173877,13.669030168957589,8.79228205382119,45.42390743306299,27.26988418711522,107.30620837982178
59,rat.5XPO.pdb,rat,1,19.23052705476778,8.846374223064863,8.50469020338081,17.757659174740716,12.880827353558889,10.787463074347526,19.92458596455553,10.211757567462847,23.82596637096809,14.465965563852128,,,22.559680274965405,19.74483796005421,35.52294797462864,28.560567511138377,10.30498573195888,12.097497165507427,25.840128219610325,41.37483568505913,29.24098650370362,11.380793752151659,18.69976336320101,19.471409128583378,17.3559697027502,26.3326768339254,17.399270115719265,19.4324685891709,10.061668750889899,24.213212800099036,19.387359305648918,13.31643653798622,18.520539241403153,11.973474887452664,24.067003763516254,11.656657054649097,12.414898227467857,26.88738034139265,36.3211797371711,18.59158735301394,19.428006548832535,21.720711090272754,18.591484212431602,26.406654925341748,10.07672495980061,26.61075976300465,23.096131279175797,10.66931134868124,15.934398820446916,34.42856532512409,23.48702615705796,21.382931994762657,42.12217622544432,30.113571680846313,24.73075100581694,17.832000724106887,13.608651706354422,,,,,,,,,,,,,,,,,,,,,,27.191595080132114,1.80276901670387,2.7840953153866557,9.656626904209102,1.946869181943984,16.977167580418218,16.39337756674124,-7.21947110586805,16.635315758833137,12.108852924641573,8.949693164589483,34.141904503905096,23.051426522219185,4.026727814107382,30.955340018768393,26.50131969580663,0.651404469719757,13.001267649727428,33.27193659297069,-6.579608850232449,9.038264009354563,21.882954227081044,-5.20272142436469,27.08334761621509,-2.4565374602928256,-3.5522792669468815,31.14231674605482,5.392610597511452,-6.490939755222282,20.42081729093291,,,,,,,15.233306492055892,11.706988982461237,16.714185303717187,39.53228227577724,-28.919732371129776,-30.832888275774444,53.85599201927859,15.215583609532654,6.866790295904404,9.592791012612484,-42.64999729598477,55.743100861955455,48.38972037672995,,,17.986559593886184,0.581685249305176,19.62420953513303,59.00383141762452,0.0,2.681992337164751,6.513409961685824,0.0,11.494252873563218,8.045977011494253,12.260536398467432,,,,,,,,,,,,,,,,,,,,,,,,,,,,,,,,,,,,,,,,,,,,,,,,,,,,,,,,,,,,,,,,,,,,,,,,,,,,,,,18.62964305008266,13.79241327406237,8.748862919963894,44.28071727501122,26.287076943129378,109.43220578185941
60,rat.3W5P.pdb,rat,1,19.137133628682747,8.708124091158112,8.258663784262696,17.661052868286124,12.950437909483474,10.873009901679984,19.74999676076763,10.377217321752054,23.712402670682884,14.4022579969812,,,22.68645931519132,19.655270736375442,34.82108042876209,28.306110094275162,10.2372116890337,11.981068033076566,25.692811564566764,41.71724124074367,29.393364302829784,11.286494694222798,18.54518201004713,19.310583029540954,17.525546961016417,26.273903026435313,17.448880796635013,19.925239734976905,10.105759356148317,24.306611801858196,19.283001177489574,13.357243675351251,18.41109043510738,11.948535682150458,24.13413011782384,11.729741141304604,12.130811428701925,26.3561485151667,35.73569194197178,19.062070686669507,19.898755582589327,22.302204077936615,18.40869173485841,26.085707842177612,10.266640338117433,25.764029707799722,23.06641997102173,10.476146994274787,15.890961023905259,34.475964498835175,23.698661915851304,21.0505575326004,41.8552808119921,30.101618817017815,24.067003819672298,17.88969802643568,14.08456620375242,,,,,,,,,,,,,,,,,,,,,,27.010869512944996,1.848690528662513,2.699502588968422,9.197798930084613,1.6039780435925366,16.746212825515485,16.002643179224467,-7.378352382264618,16.116294300316856,12.217319377604655,9.382120253145947,33.308422093024085,22.51322731036227,3.570326635447528,30.592925691961486,26.245367425814145,0.5374555476774372,12.82349254082671,32.92201134614242,-6.52196316482176,8.907284011086201,21.530763088626145,-5.83520142004209,26.596088206815743,-1.8664768055151926,-4.623345028559957,32.10256096880649,4.941148730403195,-6.965716522478467,19.997002927349886,,,,,,,14.964880949359134,11.462843255536896,16.65330153892374,38.9619673038606,-30.03253924580358,-31.70550255091537,55.00682480601953,15.216012192973755,7.802218819371289,10.423815866717598,-41.39220614060909,57.13139047417335,48.15052928483684,,,17.432509176170427,0.1563729012561713,19.180429681487627,57.79467680608364,0.0,2.6615969581749046,4.942965779467681,0.0,12.167300380228136,8.745247148288973,13.688212927756654,,,,,,,,,,,,,,,,,,,,,,,,,,,,,,,,,,,,,,,,,,,,,,,,,,,,,,,,,,,,,,,,,,,,,,,,,,,,,,,18.84325608830141,13.649272823212476,8.866449006571884,42.24005704607009,25.892254923064236,111.8676880308657
61,rat.3WT6.pdb,rat,1,19.03080044417297,8.713082190544092,8.392123799547479,17.75272839323695,13.218818835481594,10.727536159772743,19.601356386186914,10.90016343883982,23.613287441205642,15.22141796397543,,,22.46018152947857,19.705426458922194,35.41191478716849,28.74031508332439,10.28195541114138,12.076825374919828,24.0657899716487,41.35389222014984,29.361080377330566,11.323957054109485,18.454956981399373,19.478546882582847,17.3458137666578,26.11407806268044,18.914518927272667,19.707814414515134,10.227806286015946,23.939423849584518,19.56284150684464,13.363186720158184,18.429872250024246,12.955455621380004,23.865001916079688,12.29928759091717,12.197163526507433,26.83312449443306,35.93852867641791,20.33251411921615,18.35879039001274,22.22815197053195,18.822600026509857,26.362556866403356,10.459091516721536,25.657716567885895,24.27924998022458,10.380398176655723,14.01557377459926,34.212046770736684,24.116330624966857,18.611419499543118,41.6265083316543,30.573136307281107,27.222544616259153,21.65747436861773,14.194811220651017,,,,,,,,,,,,,,,,,,,,,,30.600016463573436,1.4972717444181487,48.10193961055758,8.151514790365235,1.5216323246867245,48.82577213761624,13.71247092948943,-7.516137372841848,52.77880756327172,-0.473428984838048,8.44551268654953,63.599250495623004,10.06242322190439,4.183570387010197,68.02671751474817,23.96078735156602,0.4769528614076198,55.886423745806674,31.58742168629474,-6.452484854464741,57.139423335631065,14.982174550965254,-4.649272700945092,65.34912060727298,-9.882681915449306,-4.264762546370114,54.2740133739388,2.474540080601262,-6.9258308875249,47.815650933354675,,,,,,,15.013727328526986,11.552157640769147,16.732556615934133,39.885946795669575,-28.6744722647777,-32.41216038504155,53.925141990136055,16.04843003526229,6.81066744705949,7.897059239662593,-38.70206248629684,57.112468739990256,51.24590086515468,,,13.235087345410468,0.3002987683571342,55.79595403488053,59.16030534351145,0.7633587786259541,2.6717557251908395,3.0534351145038165,0.0,13.740458015267176,7.633587786259542,12.977099236641221,,,,,,,,,,,,,,,,,,,,,,,,,,,,,,,,,,,,,,,,,,,,,,,,,,,,,,,,,,,,,,,,,,,,,,,,,,,,,,,18.43108158370834,13.71342384862369,8.77349330961423,45.01613364695125,26.905220781319816,108.07864557172894
62,rat.2ZFX.pdb,rat,1,19.111977424044976,9.321839698253937,8.409722848853171,17.38530749504776,12.853193150212219,10.501003847818346,19.381703969520867,9.985054379290274,24.027419596967295,15.315977892227586,,,23.24273230239382,19.720947451858454,35.148809572361735,28.662850361483247,10.437852440230536,12.758516205965893,25.587576424862768,41.607235645303,29.248588865938096,11.9657564897703,17.280447508044677,19.10089198478024,17.829437939549848,26.75778637873134,17.54249771635884,19.190860034056954,10.08326180941375,23.544161537620127,19.429718399408678,13.284946817040954,17.975021518975637,12.01978754537067,24.222647820556496,12.272844409350862,12.15188679303755,26.4074811454492,35.638462412526685,18.29194621370581,18.27915757423621,21.747344928820894,18.56772131415638,26.23701109366722,10.092916979433141,26.028971978398168,24.143705045049632,10.833808047318463,15.544587963742098,34.40545819477847,23.922787327571285,20.46086960064855,41.63394263616342,30.118798838662023,24.7693560563846,19.33491668908315,14.43236306376216,,,,,,,,,,,,,,,,,,,,,,8.152713346365209,28.127267339145224,27.17207142674337,5.6719918903278845,16.1158484204922,7.428808233975023,13.502675730936472,25.107652422346742,8.4323916899687,15.145489307677398,1.8964063591792755,4.845364751580945,22.41098996391421,8.260835667834346,12.219298058857001,14.753884884739662,22.472461421022214,21.393103706350512,19.969338009851988,31.63659144306761,23.880907244603613,23.050498919086902,17.83589177402234,9.092590203406516,9.7478931653568,10.373390361511166,-10.423371271167365,7.024886772679778,21.141272007600268,-1.207566116678483,,,,,,,15.145470202063656,11.491938959043566,16.614835970750246,39.220168520736095,-31.69350374037364,-31.619858388814855,53.71741562815289,15.988786956483988,5.783745604054242,14.985092448108338,-38.49923011723967,57.12521845942112,51.91412796050443,,,13.557993996239235,17.578959675399364,12.179278905526292,56.10687022900763,0.0,2.6717557251908395,4.198473282442748,0.0,14.50381679389313,7.633587786259542,14.885496183206106,,,,,,,,,,,,,,,,,,,,,,,,,,,,,,,,,,,,,,,,,,,,,,,,,,,,,,,,,,,,,,,,,,,,,,,,,,,,,,,18.38457995924425,13.616959652148696,8.609456087593626,44.2656609385095,26.18740643038924,109.54693263110126
63,rat.3WT5.pdb,rat,1,19.238638064090697,8.995571639300527,8.246554673043477,17.770570474234493,13.321652699253567,10.857524270476853,19.75469506654953,10.117375568048965,23.637235680150916,15.120090845346471,,,23.153237382287795,19.620826633437066,35.41146330232921,28.983569982632183,10.290197931662169,12.589644437921082,26.2658888355138,41.49094380050898,29.30193049708928,11.995254313389793,17.71172926626873,19.2223002043534,17.82699166587496,26.853295580687398,17.050170239371692,19.345466574106236,10.273801600800494,24.140609443725445,19.815874370363467,13.328307509935756,18.117463034367816,11.734035868673919,23.99579497091944,12.432697689676575,12.058794840024923,26.815464610967872,36.20037860341719,18.362476220152153,19.007533271282128,22.45570792924766,19.047700092658975,26.860558171807615,10.907736180924232,25.933828876349267,24.480326774675323,10.889182505585987,16.526663397203084,34.37711114556212,24.125887786813568,21.628907923782116,41.57323254071198,30.405884764674525,23.1970538548681,18.465037581998747,14.2260911946653,,,,,,,,,,,,,,,,,,,,,,31.08539253594253,1.6729928127130582,48.98298883607974,7.975660994914096,2.290241081855989,50.26037443033266,14.298183693877835,-7.269189018203425,53.800025391382746,0.2076471973596338,9.037949721714869,64.67674510239078,10.501474689976112,4.648563372418478,69.16950995520418,24.48149253770957,0.7806546284651456,56.82393334876801,31.923378715656224,-7.0826602608440865,57.99051155275359,11.549579699808815,-5.398097301008342,65.05310450942675,-9.47397873348893,-4.367226150332947,55.303714630153706,2.9614037404556144,-6.548251265297391,48.74733888943073,,,,,,,15.08033759333028,11.314421302995502,16.556289679065895,39.69113116042461,-33.93710613375821,-30.519304193118803,53.9421385782089,16.361462436973284,7.730566258148445,15.993940136665882,-42.136694287461566,57.13144995981862,51.31762724299388,,,13.6348919303442,0.3155819092026299,56.9681412337565,57.414448669201526,0.7604562737642585,2.6615969581749046,3.041825095057034,0.0,15.96958174904943,7.224334600760455,12.927756653992395,,,,,,,,,,,,,,,,,,,,,,,,,,,,,,,,,,,,,,,,,,,,,,,,,,,,,,,,,,,,,,,,,,,,,,,,,,,,,,,18.388620143303037,13.711269117967248,8.899585108318185,45.51572152993188,27.58570324089602,106.89857522917208
64,rat.5XUQ.pdb,rat,1,18.34102939848631,9.215597628977234,8.327753524993435,17.915501533755396,12.824063417118541,10.72718230456553,19.59593549283841,10.951225665866911,15.24423790303034,,,,22.045252241003563,18.933404069547755,34.585701116959,27.186126084702746,9.94103345042253,12.981974831289225,23.399224654231773,28.373085902425327,11.782762268789417,17.899196274625115,19.516090124236012,17.87827859806248,26.831186441020076,19.59029824255955,10.258054762071081,24.259451011558934,19.5974211722166,13.315542728962852,18.393019372917145,13.35341935720469,12.172022775919697,13.586727576089938,26.96728367966332,36.2214416737939,21.363224683982533,22.517596701454252,17.81326567299637,25.372265349089542,10.476697214249405,24.873341585880677,10.561128586405266,13.661844550136733,24.051138957857074,17.923603603380148,30.46527949503125,22.201880273444235,,,,,,,,,,,,,,,,,,,,,,,,,,,,,,,25.377754991490065,1.9306786858301077,3.3650213488906973,8.65121568360618,2.4753223381553444,17.714913071244204,15.424769958179086,-7.111606841391656,16.69352280372991,11.240067220139979,9.307454147132782,34.05507983734849,23.383659256638335,4.4623841814297815,30.359455978590788,25.82351785846294,0.427373553068929,13.181615218795967,32.39930765299374,-7.0256647319394006,9.611090618834343,24.952623086216374,-4.821423529475386,25.76484485168627,3.6526199502272716,-6.266459571199821,19.67015659703993,,,,,,,,,,15.313836780566348,11.534852882315873,16.63685414615595,29.875562114564783,-33.47490132770242,-29.678565607223153,53.87234118929788,6.89965696818084,7.031372835018575,9.06266619712688,-17.950923023594243,51.31449030392488,,,,17.377729602366813,0.36622909100076034,19.79503810587426,55.55555555555556,0.0,2.681992337164751,1.9157088122605364,0.0,16.47509578544061,8.812260536398467,14.559386973180077,,,,,,,,,,,,,,,,,,,,,,,,,,,,,,,,,,,,,,,,,,,,,,,,,,,,,,,,,,,,,,,,,,,,,,,,,,,,,,,18.669478985762595,13.868749246856686,8.495352395475953,43.9484408611089,25.158183470373366,110.89337566851772
65,rat.2ZMI.pdb,rat,1,18.816608786759318,9.089295609060109,8.422013475030717,17.684875165918093,13.056613299784862,10.385144932628263,19.294916439878882,10.250835516658343,24.53286997988597,14.805687262695194,,,22.622641913395352,19.751645636058946,35.148806467932786,28.51719177942934,10.280966110604929,12.018730817862558,25.417002311682577,41.86825571839302,29.1961575065412,11.448319800283164,18.30825485109343,19.57470838375808,17.4342784670093,26.208705635891548,17.60233466644774,19.97692371091164,9.948756180214662,23.730831453878388,19.285164929858347,13.297347785373779,18.36746170540724,11.925932771281662,24.415788490807795,11.763655426936008,12.304801377876915,26.519125325527337,35.63566542569923,18.492056362006252,19.15101715344397,21.456503458942976,18.55338274371669,25.992768002495865,9.911288183836346,26.590260298592092,23.302940203689435,10.381044405561747,15.493717026753655,34.77287065154602,23.5344691112979,20.6264528534735,42.219499840248425,30.03701812108898,25.248199037881253,18.438090796646538,14.234266657025795,,,,,,,,,,,,,,,,,,,,,,27.87278358762907,0.4853048763506301,2.6375552315849915,10.393078287755888,1.7306283537224962,16.94465134533232,16.81561148221769,-7.745095481408013,16.784178868155145,13.431337804232939,8.62017049000221,33.632832311379794,24.1596023248091,3.317798736110837,30.769734145217253,27.202642429170364,-0.43101775591511954,12.855653284977523,33.55991801212508,-7.795961956926775,9.23505567842175,22.953768789524027,-5.682956692299492,26.799091795901735,-1.5902661995640166,-3.167188995447187,32.1593916015436,5.692890721539115,-6.349259565409567,20.350733785615354,,,,,,,14.918970633998745,11.608174082469475,17.009951999580796,38.80032185925355,-27.215366721504775,-33.652020927786936,53.95915455920228,15.990187812235481,4.701405426000935,8.469481585909751,-38.71016593166498,57.030904064592306,48.9033548067832,,,19.018598399471923,0.0057812248781844745,19.23388699361738,57.35849056603774,0.0,2.6415094339622645,4.150943396226415,0.0,15.09433962264151,6.415094339622642,14.339622641509434,,,,,,,,,,,,,,,,,,,,,,,,,,,,,,,,,,,,,,,,,,,,,,,,,,,,,,,,,,,,,,,,,,,,,,,,,,,,,,,18.404030424898995,13.655754700281694,8.916885298222345,45.084438198532986,27.542341064160105,107.37322073730694
66,rat.5XZH.pdb,rat,1,18.738154029189218,9.518680792248785,8.411953294557351,17.89105890101676,12.969315610244024,10.153987777927032,19.12612612093445,10.218089108262243,24.509876216345766,14.958508650756636,,,23.260926624291233,19.80617251644894,35.29583063050382,28.567209845503278,10.358722051563511,12.203122128553511,25.915362982870843,41.74172555583538,29.170546479253744,11.814956077051555,17.70698727164755,19.254449991635095,17.8547679047545,26.776512134806165,17.34250901886793,19.48178524324544,9.993922684713748,23.75145239875889,19.30100931178625,13.30560118736072,18.373961519456895,11.844293027436404,23.96801842945311,11.560305736037783,12.3300136918236,26.600811905697036,35.809820473563086,18.25135158025291,19.116686568973357,21.514868784638267,18.538065721717366,26.107175595083984,10.111853691478691,26.26377021933463,23.24698359473822,10.53059909364045,15.973184829570613,34.491412292197595,23.439019820699333,21.18403466158148,41.7907373624199,29.86871880577421,24.03093248271318,17.799371452289005,14.071778583049834,,,,,,,,,,,,,,,,,,,,,,23.086726835166523,-4.016790554000263,44.6547396922595,5.2447925009343,-3.1140785860589517,59.551759452484745,12.15138073249476,-12.66425453221968,58.72328766678467,8.146983487079952,3.3898756172660858,75.7632758972617,19.094068325184907,-1.464398428507044,72.8261693829481,22.38431486350841,-5.048644041041167,54.93797937364887,28.94735626265732,-12.42566307824496,51.27743365084039,17.57860910545038,-10.73035593730321,69.07183856689355,-5.864085075107165,-9.523117843968338,74.21658168308254,1.1743916394149785,-11.83282335443515,62.2524662337721,,,,,,,15.046521025075302,11.81830502541531,17.19562906286866,38.39172204127746,-30.37817687781536,-33.3616546772831,53.76640416940045,17.366850775609755,2.7683959932137037,7.741540677704777,-42.86710600285633,57.12409146332034,48.94392775889144,,,14.426456400291455,-4.968179893629661,61.24428431352287,57.57575757575758,0.0,2.6515151515151514,4.166666666666666,0.0,14.015151515151514,6.4393939393939394,15.151515151515152,,,,,,,,,,,,,,,,,,,,,,,,,,,,,,,,,,,,,,,,,,,,,,,,,,,,,,,,,,,,,,,,,,,,,,,,,,,,,,,18.56765674698965,13.908469599415918,8.732183936726672,45.43112485220482,26.568807281507752,108.00006786628744
67,rat.3VT5.pdb,rat,1,19.30180177943046,8.785279063985058,8.415295695678306,17.802714015269782,13.044033291753419,10.85596834623128,19.629492705745026,10.012144409745256,23.801384675987936,15.11325656462835,,,22.547569222573212,19.904375686785233,35.63291287451059,28.599108124396086,10.340743017516655,12.704121678041684,25.696521577995846,41.765921868801826,29.47188949699955,11.402897960928184,18.72801043877307,19.59160237243261,17.34317782628441,26.043383547285167,17.332558369569814,20.080252114782294,10.163782284588564,24.12245335117133,19.48829846502401,13.440700287480531,18.020927799562738,11.952994083794378,24.036848586379982,12.309338362353492,12.498318519189175,26.945608299155563,36.06889497233391,18.401654630322017,18.907202484679004,22.36421789314314,18.599615502516627,26.13952666709757,9.96278220514535,26.22917012862093,24.32557369178017,10.7536128434349,15.730282464923278,34.51845152041831,24.101645011421272,20.69042355313256,41.49876624288341,30.193939225162644,24.277159643509822,19.14984888667617,14.304955704338477,,,,,,,,,,,,,,,,,,,,,,27.106171880109784,6.0074603232372,3.06382581324082,9.426129638933128,6.182433465914644,17.055908167067983,16.09683039642563,-3.0650194762700247,16.944340280069913,11.582056052210415,12.996675614991014,34.36649626305933,22.768408569379314,8.387277623262191,31.23170227898599,26.310369139219397,4.881280404285176,13.312210219675817,32.70452368672356,-3.083783529970092,9.9487695211729,21.636758406953895,-0.6811070424473926,27.264234984632242,-2.091629027605022,0.09722076258553608,32.3375293718959,4.126044658528578,-2.095329844182721,19.642451054980796,,,,,,,15.256312336486282,11.356645323503217,16.54035487012202,39.33810052596649,-30.007216239204418,-32.130871039967204,53.953961961240296,16.732477579678033,7.3914196480035805,16.025996608516014,-43.68958008314507,57.14005503139175,51.5512732346677,,,17.628526899321898,4.691382469050199,19.82693222679942,57.414448669201526,0.0,2.6615969581749046,2.6615969581749046,0.0,14.44866920152091,9.125475285171103,13.688212927756654,,,,,,,,,,,,,,,,,,,,,,,,,,,,,,,,,,,,,,,,,,,,,,,,,,,,,,,,,,,,,,,,,,,,,,,,,,,,,,,18.649674355488195,13.84918481396694,8.73260956950632,44.51292230674351,26.23539551943549,109.25168217382101
68,rat.3WTQ.pdb,rat,1,18.359869177798156,9.067001599300268,8.213224116526296,17.72053802046161,12.989878997321298,10.803646517714247,19.713750432082634,9.927933575354976,23.889576569956404,14.336869110667937,,,21.96321555443305,19.012000872305897,34.412569144840425,28.087164767274164,9.997425373328726,13.383009592715238,25.274851726639266,40.60623878793158,28.173776232374717,11.877089790475274,17.794232348205536,19.13081965865071,17.847586056030327,26.804063699054023,17.25491829299431,19.364131596800807,10.055160654700575,23.98947293753327,19.379500876802638,13.291228284139034,18.105785916393213,11.81395403160361,24.209212679314163,11.660318973420734,12.218588621399956,26.769699560864755,36.14705113457683,18.428664298379502,19.02914183750857,21.535351128859038,18.70633742824836,26.511937247420775,10.137108052021835,26.153428680985527,23.06505190166538,10.865735132375812,15.839003836952777,34.57459973224559,23.491679470525472,21.014888428416704,41.831981375176966,29.725085840817925,24.354319218196203,17.739074227878962,14.037333999411082,,,,,,,,,,,,,,,,,,,,,,25.682131784611784,0.9618925068490805,3.554198155939941,9.051205259149432,0.749273278949863,17.898183427094192,16.18265002002609,-8.695287004688424,16.894172190952318,11.552491456903205,7.12831141566733,34.32030706166579,22.476262867485097,2.4882378593726493,31.41602686503651,26.252595932479455,-0.7617289370198819,13.385383937396302,32.77688525841395,-8.607919673330342,9.652403936394533,21.475336349718123,-6.706734398572112,27.267341417810727,-2.3594023189704147,-5.6746518805290425,32.16355453133775,5.122113761567565,-8.121183872139731,20.54081199088288,,,,,,,15.150478526607241,11.376423970168268,16.57365296977633,29.927359786717897,-33.78017121861819,-30.397300907254937,53.79584912329415,15.646850373397994,7.448712158973945,16.28451638165642,-44.239955128244944,57.133873888570676,47.92072200080713,,,17.667979910748016,-1.209374831226345,19.92929400650263,58.174904942965775,0.7604562737642585,2.6615969581749046,3.041825095057034,0.0,12.547528517110266,9.125475285171103,13.688212927756654,,,,,,,,,,,,,,,,,,,,,,,,,,,,,,,,,,,,,,,,,,,,,,,,,,,,,,,,,,,,,,,,,,,,,,,,,,,,,,,18.79599508049081,13.706845175135262,8.77981319936975,42.715892743108476,25.75478437558674,111.5293228813048
