,prot_name,species_name,preparation,Prot_Helix_1_distance,Prot_Helix_2_distance,Prot_Helix_3_distance,Prot_Helix_4_distance,Prot_Helix_5_distance,Prot_Helix_6_distance,Prot_Helix_7_distance,Prot_Helix_8_distance,Prot_Helix_9_distance,Prot_Helix_10_distance,Prot_Helix_11_distance,Prot_Helix_12_distance,Pairwise_sep_between_hel_1_and_hel_2,Pairwise_sep_between_hel_1_and_hel_3,Pairwise_sep_between_hel_1_and_hel_4,Pairwise_sep_between_hel_1_and_hel_5,Pairwise_sep_between_hel_1_and_hel_6,Pairwise_sep_between_hel_1_and_hel_7,Pairwise_sep_between_hel_1_and_hel_8,Pairwise_sep_between_hel_1_and_hel_9,Pairwise_sep_between_hel_1_and_hel_10,Pairwise_sep_between_hel_1_and_hel_11,Pairwise_sep_between_hel_1_and_hel_12,Pairwise_sep_between_hel_2_and_hel_3,Pairwise_sep_between_hel_2_and_hel_4,Pairwise_sep_between_hel_2_and_hel_5,Pairwise_sep_between_hel_2_and_hel_6,Pairwise_sep_between_hel_2_and_hel_7,Pairwise_sep_between_hel_2_and_hel_8,Pairwise_sep_between_hel_2_and_hel_9,Pairwise_sep_between_hel_2_and_hel_10,Pairwise_sep_between_hel_2_and_hel_11,Pairwise_sep_between_hel_2_and_hel_12,Pairwise_sep_between_hel_3_and_hel_4,Pairwise_sep_between_hel_3_and_hel_5,Pairwise_sep_between_hel_3_and_hel_6,Pairwise_sep_between_hel_3_and_hel_7,Pairwise_sep_between_hel_3_and_hel_8,Pairwise_sep_between_hel_3_and_hel_9,Pairwise_sep_between_hel_3_and_hel_10,Pairwise_sep_between_hel_3_and_hel_11,Pairwise_sep_between_hel_3_and_hel_12,Pairwise_sep_between_hel_4_and_hel_5,Pairwise_sep_between_hel_4_and_hel_6,Pairwise_sep_between_hel_4_and_hel_7,Pairwise_sep_between_hel_4_and_hel_8,Pairwise_sep_between_hel_4_and_hel_9,Pairwise_sep_between_hel_4_and_hel_10,Pairwise_sep_between_hel_4_and_hel_11,Pairwise_sep_between_hel_4_and_hel_12,Pairwise_sep_between_hel_5_and_hel_6,Pairwise_sep_between_hel_5_and_hel_7,Pairwise_sep_between_hel_5_and_hel_8,Pairwise_sep_between_hel_5_and_hel_9,Pairwise_sep_between_hel_5_and_hel_10,Pairwise_sep_between_hel_5_and_hel_11,Pairwise_sep_between_hel_5_and_hel_12,Pairwise_sep_between_hel_6_and_hel_7,Pairwise_sep_between_hel_6_and_hel_8,Pairwise_sep_between_hel_6_and_hel_9,Pairwise_sep_between_hel_6_and_hel_10,Pairwise_sep_between_hel_6_and_hel_11,Pairwise_sep_between_hel_6_and_hel_12,Pairwise_sep_between_hel_7_and_hel_8,Pairwise_sep_between_hel_7_and_hel_9,Pairwise_sep_between_hel_7_and_hel_10,Pairwise_sep_between_hel_7_and_hel_11,Pairwise_sep_between_hel_7_and_hel_12,Pairwise_sep_between_hel_8_and_hel_9,Pairwise_sep_between_hel_8_and_hel_10,Pairwise_sep_between_hel_8_and_hel_11,Pairwise_sep_between_hel_8_and_hel_12,Pairwise_sep_between_hel_9_and_hel_10,Pairwise_sep_between_hel_9_and_hel_11,Pairwise_sep_between_hel_9_and_hel_12,Pairwise_sep_between_hel_10_and_hel_11,Pairwise_sep_between_hel_10_and_hel_12,Pairwise_sep_between_hel_11_and_hel_12,COM_helix_x_num_1,COM_helix_y_num_1,COM_helix_z_num_1,COM_helix_x_num_2,COM_helix_y_num_2,COM_helix_z_num_2,COM_helix_x_num_3,COM_helix_y_num_3,COM_helix_z_num_3,COM_helix_x_num_4,COM_helix_y_num_4,COM_helix_z_num_4,COM_helix_x_num_5,COM_helix_y_num_5,COM_helix_z_num_5,COM_helix_x_num_6,COM_helix_y_num_6,COM_helix_z_num_6,COM_helix_x_num_7,COM_helix_y_num_7,COM_helix_z_num_7,COM_helix_x_num_8,COM_helix_y_num_8,COM_helix_z_num_8,COM_helix_x_num_9,COM_helix_y_num_9,COM_helix_z_num_9,COM_helix_x_num_10,COM_helix_y_num_10,COM_helix_z_num_10,COM_helix_x_num_11,COM_helix_y_num_11,COM_helix_z_num_11,COM_helix_x_num_12,COM_helix_y_num_12,COM_helix_z_num_12,dist_between_COM_clamp_1,dist_between_COM_clamp_2,dist_between_COM_clamp_3,Angle_between_COM_and_Calpha_of_hel_1,Angle_between_COM_and_Calpha_of_hel_2,Angle_between_COM_and_Calpha_of_hel_3,Angle_between_COM_and_Calpha_of_hel_4,Angle_between_COM_and_Calpha_of_hel_5,Angle_between_COM_and_Calpha_of_hel_6,Angle_between_COM_and_Calpha_of_hel_7,Angle_between_COM_and_Calpha_of_hel_8,Angle_between_COM_and_Calpha_of_hel_9,Angle_between_COM_and_Calpha_of_hel_10,Angle_between_COM_and_Calpha_of_hel_11,Angle_between_COM_and_Calpha_of_hel_12,COM_x,COM_y,COM_z,Helix,Beta bridge,Strand,Helix-3,Helix-5,Turn,Bend,Other,len_of_hel_1,len_of_hel_2,len_of_hel_3,len_of_hel_4,len_of_hel_5,len_of_hel_6,len_of_hel_7,len_of_hel_8,len_of_hel_9,len_of_hel_10,len_of_hel_11,len_of_hel_12,cos_between_hel_1_and_hel_2,cos_between_hel_1_and_hel_3,cos_between_hel_1_and_hel_4,cos_between_hel_1_and_hel_5,cos_between_hel_1_and_hel_6,cos_between_hel_1_and_hel_7,cos_between_hel_1_and_hel_8,cos_between_hel_1_and_hel_9,cos_between_hel_1_and_hel_10,cos_between_hel_1_and_hel_11,cos_between_hel_1_and_hel_12,cos_between_hel_2_and_hel_3,cos_between_hel_2_and_hel_4,cos_between_hel_2_and_hel_5,cos_between_hel_2_and_hel_6,cos_between_hel_2_and_hel_7,cos_between_hel_2_and_hel_8,cos_between_hel_2_and_hel_9,cos_between_hel_2_and_hel_10,cos_between_hel_2_and_hel_11,cos_between_hel_2_and_hel_12,cos_between_hel_3_and_hel_4,cos_between_hel_3_and_hel_5,cos_between_hel_3_and_hel_6,cos_between_hel_3_and_hel_7,cos_between_hel_3_and_hel_8,cos_between_hel_3_and_hel_9,cos_between_hel_3_and_hel_10,cos_between_hel_3_and_hel_11,cos_between_hel_3_and_hel_12,cos_between_hel_4_and_hel_5,cos_between_hel_4_and_hel_6,cos_between_hel_4_and_hel_7,cos_between_hel_4_and_hel_8,cos_between_hel_4_and_hel_9,cos_between_hel_4_and_hel_10,cos_between_hel_4_and_hel_11,cos_between_hel_4_and_hel_12,cos_between_hel_5_and_hel_6,cos_between_hel_5_and_hel_7,cos_between_hel_5_and_hel_8,cos_between_hel_5_and_hel_9,cos_between_hel_5_and_hel_10,cos_between_hel_5_and_hel_11,cos_between_hel_5_and_hel_12,cos_between_hel_6_and_hel_7,cos_between_hel_6_and_hel_8,cos_between_hel_6_and_hel_9,cos_between_hel_6_and_hel_10,cos_between_hel_6_and_hel_11,cos_between_hel_6_and_hel_12,cos_between_hel_7_and_hel_8,cos_between_hel_7_and_hel_9,cos_between_hel_7_and_hel_10,cos_between_hel_7_and_hel_11,cos_between_hel_7_and_hel_12,cos_between_hel_8_and_hel_9,cos_between_hel_8_and_hel_10,cos_between_hel_8_and_hel_11,cos_between_hel_8_and_hel_12,cos_between_hel_9_and_hel_10,cos_between_hel_9_and_hel_11,cos_between_hel_9_and_hel_12,cos_between_hel_10_and_hel_11,cos_between_hel_10_and_hel_12,cos_between_hel_11_and_hel_12,dist_clamp_1,dist_clamp_2,dist_clamp_3,clamp_angle_1-2,clamp_angle_1-3,clamp_angle_2-3
0,human.1IE8.pdb,human,1,19.061009025563624,26.25481059347947,9.776772177736973,16.07460326947258,1.1328752317172628,17.54899277611765,12.363951870232148,10.217229143888627,19.196751734322703,9.835041707290594,22.892361256632437,15.988761331670585,44.88146429927522,22.352408599831165,22.14658693926825,19.77753035997259,35.484725009578845,28.82605855427282,10.490883307373315,11.995676066776893,25.775423792264476,39.108037655922246,29.432813990313228,24.610341370897398,33.97227606190527,25.708129096494872,12.07382686337878,22.304512333395614,36.333200350452614,44.72752816642543,25.182034374610517,13.762120560899287,22.86097032921826,16.13483860203392,9.722598998588794,18.539199761590403,19.641145392357927,17.28078297475464,26.025577974738532,17.59919450292633,16.992557993363135,10.357884418727272,15.41318018558684,30.049311069716836,26.214510803448125,18.339282994449444,20.47325597791033,17.766063863322998,25.42065309308185,13.481753520250654,17.38965246842281,12.310880911156005,10.902347734203236,19.497832255232048,9.076127731732461,22.245554465105485,15.216932653988337,12.341249015578752,26.74090885035623,35.89144061703213,18.405430136924522,17.97985203560792,21.732807695131186,18.678882214856685,26.25977274085216,10.022517960417765,25.886009527036457,23.85190916943495,10.331813700384284,15.709013072450064,32.65522034946052,23.984682876751698,21.025194181308084,40.631748471217655,30.485822805101222,24.701828179696054,18.86177930034077,12.13575778892241,20.53377261580736,6.056182162991924,51.23532550612999,2.298406448014045,35.49889902165659,22.688107036476616,7.237657918265579,15.27454519019626,35.812443568492924,0.8514291886170531,16.189039124412467,50.60138538900792,12.296563258501344,21.23338864992265,41.5941900752476,12.50540139714776,30.725741626956133,27.025331692938654,17.979332188184067,31.56457150246112,38.05433316176748,19.057003500348696,16.04682316238343,48.395452626962864,19.64255228751433,15.411081040908018,58.691050662641956,11.447602512391107,29.449495395027014,45.35596494986962,-4.2457283580906635,24.193155503219206,27.018283183882957,-2.2519724019483807,18.934123430507274,37.77207953479668,15.758091681801815,11.956579538080943,17.452658865337042,38.77528018130886,52.966069674409916,-22.850487907721927,45.04716020930136,-45.806283550764135,53.32323068801387,13.209490840286628,4.239240392687882,7.651877462813651,-39.74564563373574,55.83236239406282,52.09099107882678,13.233799813997564,20.638833359037996,41.3672585089967,59.055118110236215,0.0,2.7559055118110236,1.1811023622047243,0.0,14.566929133858267,8.661417322834646,13.779527559055119,21.221405899390888,10.156697438460649,28.310555854647006,14.362575621878321,11.064366703222717,6.865202805977846,20.53700762303468,16.853997069715916,30.59515962664466,36.49237564342198,5.2948371454336725,8.812515395083443,"[1.0, 0.4156267666451287, -0.8863644879399885, 0.38768748990517315, -0.025791154335820483, 0.415686438292159, -0.6311374850123517, -0.013638866300486467, -0.04314256260164774, 0.7833830067792455, -0.02485871808638564, -0.795472904446349]","[0.4156267666451287, 0.9999999999999999, 0.05263014625003866, -0.6299835843717252, -0.021781378839440327, 0.22299526098675915, 0.10157087641029522, -0.05805003992929787, -0.0417800037403317, 0.3909811833113764, 0.614341056066519, -0.8791595590325871]","[-0.8863644879399885, 0.05263014625003866, 1.0000000000000002, -0.7435642642956433, 0.026084030032050922, -0.35092880783950625, 0.750502923114554, -0.02341185630354225, 0.03494817288894687, -0.6665530060155848, 0.34639205165638526, 0.4264259931725888]","[0.38768748990517315, -0.6299835843717252, -0.7435642642956433, 0.9999999999999999, 0.3056448033772261, -0.16393431117444635, -0.3898693061879239, -0.25984864184313783, 0.3108811318905392, 0.05276392774091281, -0.38532785911030315, 0.23422379834009413]","[-0.025791154335820483, -0.021781378839440327, 0.026084030032050922, 0.3056448033772261, 0.9999999999999999, -0.9188535806207886, 0.6756716255492998, -0.9967889567146376, 0.9997502630792195, -0.6381953868445083, 0.7184096215609297, 0.08694188481253176]","[0.415686438292159, 0.22299526098675915, -0.35092880783950625, -0.16393431117444635, -0.9188535806207886, 1.0, -0.8435429115298956, 0.8973890383032531, -0.926054124390316, 0.8900764915578754, -0.6318709548214897, -0.417636816054674]","[-0.6311374850123517, 0.10157087641029522, 0.750502923114554, -0.3898693061879239, 0.6756716255492998, -0.8435429115298956, 0.9999999999999999, -0.6777983055899505, 0.6804209035342327, -0.8759199537646549, 0.7731930492720877, 0.3000474148903504]","[-0.013638866300486467, -0.05805003992929787, -0.02341185630354225, -0.25984864184313783, -0.9967889567146376, 0.8973890383032531, -0.6777983055899505, 0.9999999999999998, -0.9948755771365786, 0.6014608620174213, -0.764358479997405, -0.0134285397472206]","[-0.04314256260164774, -0.0417800037403317, 0.03494817288894687, 0.3108811318905392, 0.9997502630792195, -0.926054124390316, 0.6804209035342327, -0.9948755771365786, 1.0, -0.6522626261105782, 0.7085543950834368, 0.10917192138888823]","[0.7833830067792455, 0.3909811833113764, -0.6665530060155848, 0.05276392774091281, -0.6381953868445083, 0.8900764915578754, -0.8759199537646549, 0.6014608620174213, -0.6522626261105782, 0.9999999999999998, -0.4185660548380803, -0.7030121347708961]","[-0.02485871808638564, 0.614341056066519, 0.34639205165638526, -0.38532785911030315, 0.7184096215609297, -0.6318709548214897, 0.7731930492720877, -0.764358479997405, 0.7085543950834368, -0.4185660548380803, 0.9999999999999999, -0.3514946913489223]","[-0.795472904446349, -0.8791595590325871, 0.4264259931725888, 0.23422379834009413, 0.08694188481253176, -0.417636816054674, 0.3000474148903504, -0.0134285397472206, 0.10917192138888823, -0.7030121347708961, -0.3514946913489223, 0.9999999999999998]",,,,,,,,,,,,,,,,,,,,,,,,,,,,,,,,,,,,,,,,,,,,,,,,,,,,,,,18.95629713185299,13.553427396386226,8.468042940561121,39.60454469050687,23.471582613614995,116.92387269587813
1,human.3AUR.pdb,human,1,19.15092512221962,26.50460450434792,10.124869286505762,9.157452654908708,17.90495816973199,12.2854200126264,9.982573073862753,18.897238124074445,9.866757711625297,22.908928108644353,15.440687320994513,,45.193699680205484,23.448867143387428,20.004652031382324,35.92625066241724,29.006361399757584,10.644610569185504,11.980145794295888,26.298451701540525,39.282298870658074,29.57952347310916,23.716944320488057,29.554095386739878,11.99816470437021,22.129176645307425,36.37298425942905,44.69883408870347,24.79811705742909,13.404400740914625,22.27711143846168,11.896294678823024,17.860365411655707,18.9967200309326,17.798945171572377,26.64760902731347,17.397730031478062,16.107312623183454,10.210288635545254,24.093591421802397,19.617349686881575,13.375915421935757,18.462348364321304,12.289468818179312,22.757311150663256,11.51025614187882,12.083301292966967,26.928026751887003,35.9750992778535,18.178587993725262,17.580306786718406,21.098189456094325,18.734810944705586,26.3273334090451,10.103378715564308,25.298633594762627,22.68467680398289,10.2634488974591,16.0376519077614,32.44606637974043,23.413366327667173,21.367541580641255,40.458922404258765,29.91839249908634,24.12969573824024,17.50241503941311,12.243689345090248,,,,,,,,,,,,20.830307960437313,-20.11976304193327,-14.223486565337149,2.147010645189739,8.989594091392757,-43.31042898799734,7.251398935362836,-10.445312941640944,-30.71189507719599,5.975668092417081,-7.6839336894692725,-19.21106369301225,12.402336273165462,4.538601405162255,-38.95463782627918,17.818731571359248,5.134946779948452,-28.169777868714014,18.996533668546178,-10.108926435488579,-17.342485836751276,19.617684290143455,-10.55842164075422,-7.107716213721802,11.066209014290346,3.379101003505066,-20.862336032083398,-3.832093626706934,-2.2073721422674777,-39.00273604500662,-1.668063102778445,-6.469648890375791,-27.73073987781789,,,,15.79443791313619,12.142231009502561,17.702234102302352,38.599792113045766,53.06121070060372,-25.497731310617905,-25.000872615613797,53.82398656888891,13.00987174976637,2.695677321286786,6.965582284041525,-44.43724824082129,55.8527799820096,49.19076743972859,,13.346669397129483,-5.609176943268711,-24.233280667309344,59.375,0.0,2.734375,5.859375,0.0,12.890625,5.46875,13.671875,21.170980388701327,10.122834197515465,25.98566041763226,23.697769993729167,6.571371866780782,20.49772162630188,16.823853690245414,30.636057911482087,38.13391575770312,5.345470436530432,10.27045152594704,,"[1.0, 0.42225605219514406, -0.9228742391806953, 0.3374721985735393, 0.45062874015462207, -0.6470590305846892, 0.008010820510396833, -0.06358546992734374, 0.7556422761894728, -0.03680271207248547, -0.5366603204033045]","[0.42225605219514406, 0.9999999999999999, -0.04089794460860328, -0.2514269330062021, 0.23378862704194228, 0.10143776937408672, -0.07229578835678019, -0.026137089717548787, 0.42213695602512585, 0.5988454136819374, -0.9911695695604821]","[-0.9228742391806953, -0.04089794460860328, 1.0, -0.4654576566328962, -0.41149594146943763, 0.7663161593445997, -0.055267501214843195, 0.07475833531601406, -0.663811238664622, 0.30636334992731407, 0.1711194636343368]","[0.3374721985735393, -0.2514269330062021, -0.4654576566328962, 0.9999999999999998, -0.6131390421804637, 0.13701109569854117, -0.7930963310043486, 0.8115325438790003, -0.33302408849191956, 0.3062390153325981, 0.20586835116155044]","[0.45062874015462207, 0.23378862704194228, -0.41149594146943763, -0.6131390421804637, 1.0, -0.8428694432844973, 0.88788235883571, -0.9182318146408606, 0.9209738633539326, -0.6386673538632973, -0.30413979731796276]","[-0.6470590305846892, 0.10143776937408672, 0.7663161593445997, 0.13701109569854117, -0.8428694432844973, 1.0, -0.6781223530972252, 0.6808614855919793, -0.8552241144047202, 0.7744390610673527, 0.014325970737165584]","[0.008010820510396833, -0.07229578835678019, -0.055267501214843195, -0.7930963310043486, 0.88788235883571, -0.6781223530972252, 0.9999999999999998, -0.9950349116627243, 0.6393297499025358, -0.7886416742779345, 0.04172229846846969]","[-0.06358546992734374, -0.026137089717548787, 0.07475833531601406, 0.8115325438790003, -0.9182318146408606, 0.6808614855919793, -0.9950349116627243, 1.0, -0.6916941516806923, 0.7357357852804757, 0.057892361190749364]","[0.7556422761894728, 0.42213695602512585, -0.663811238664622, -0.33302408849191956, 0.9209738633539326, -0.8552241144047202, 0.6393297499025358, -0.6916941516806923, 1.0, -0.424435370667382, -0.5172101817564889]","[-0.03680271207248547, 0.5988454136819374, 0.30636334992731407, 0.3062390153325981, -0.6386673538632973, 0.7744390610673527, -0.7886416742779345, 0.7357357852804757, -0.424435370667382, 1.0000000000000002, -0.5339351671745476]","[-0.5366603204033045, -0.9911695695604821, 0.1711194636343368, 0.20586835116155044, -0.30413979731796276, 0.014325970737165584, 0.04172229846846969, 0.057892361190749364, -0.5172101817564889, -0.5339351671745476, 1.0]",,,,,,,,,,,,,,,,,,,,,,,,,,,,,,,,,,,,,,,,,,,,,,,,,,,,,,,,19.043208250900577,13.63047632113216,8.62128543199479,40.095785203688195,24.03991958785099,115.86429520846083
2,human.3VHW.pdb,human,1,18.15368353399206,26.554931018476392,10.112545396523334,9.089029519283896,17.835869935090713,12.341570158457019,10.005216806535845,18.960151185582607,9.829846433917517,22.828377306890307,16.205480862927086,,44.065944371261885,22.037288713039892,18.9746753386005,34.71915959293206,28.26518245310472,10.19635434663675,12.641548536614666,25.619794548081657,37.83405403323763,28.56070752132881,23.774157862906446,29.575197274383644,12.385311750790045,22.42575770242698,36.44958764545471,44.801275876042006,24.797401350264657,13.41009599654234,22.75274666926734,11.873405289817066,17.863999953519258,19.152498793549206,17.82118967482717,26.65723276590855,17.322853541815164,16.021987941548225,10.377426644293653,24.095009876464676,19.630959167660635,13.290790926172507,18.398547812494346,12.169424411516342,22.725801915090038,12.196499834729913,12.193835536683363,26.83530839929814,35.96704077437056,18.203775052904412,17.754106416340143,21.93912594266336,18.679450764334117,26.32455581741923,10.178362063335602,25.479788597218025,23.850843915651506,10.285292631053984,16.01508848280779,32.38790565308808,24.026737012478893,21.43532955631987,40.410750990782766,30.505358418187143,24.017981147093078,18.50591398183554,12.104951720283687,,,,,,,,,,,,19.832326097915413,-19.96992534420106,-15.381902370371211,2.48269966353229,9.516211850431997,-43.15537225185665,7.336824747085135,-10.08368985188258,-30.605794369584046,6.203901358539464,-7.306961073574195,-19.11736475263221,13.050228038679121,4.694420448892051,-38.85727745476805,18.38840982517815,5.324909386245252,-27.912145020217647,19.08492284099782,-9.965882553903475,-17.20567817447161,19.618494954046735,-10.552752023922856,-6.951014380287568,11.349031516243768,3.597313162853749,-20.76640372872263,-3.517414199655662,-1.6868962849379512,-38.87522314552071,-2.1518856181264576,-6.7975230848306145,-27.987308673242524,,,,15.645581365143768,12.089736404994822,17.64540550084292,28.59832912114816,53.115064727336225,-25.760590376765037,-25.608695298869552,53.86557918242686,13.579091733365484,2.8979418138120607,6.587083593845991,-44.71150926411791,55.805051085968174,52.392323649980206,,13.526461081450792,-5.374033164384247,-24.142737017916186,59.765625,0.0,2.734375,3.515625,0.0,12.5,6.25,15.234375,24.60084579004016,10.010908318125423,25.831632059628348,23.59543260161187,6.462575857010941,20.403512135122483,16.815022788005074,30.781023521318193,38.255389327261305,5.352840771150548,8.774129955056793,,"[0.9999999999999998, 0.3889034755257121, -0.9217963046485634, 0.19552669696815186, 0.5946410847758427, -0.7619982049381551, 0.183711544915497, -0.23814064239446495, 0.8510896631241258, -0.15084687942387032, -0.792722029250855]","[0.3889034755257121, 1.0, -0.04425860456350684, -0.21787519206104694, 0.20741863541907413, 0.12139681485733847, -0.11230866179116075, 0.003468386601346921, 0.40321321089758383, 0.6392090089396982, -0.8698789127521452]","[-0.9217963046485634, -0.04425860456350684, 1.0, -0.4599338027101136, -0.40889037639313963, 0.7718717038810814, -0.06001117713239559, 0.07715686212564778, -0.6621327963057051, 0.2803811795792978, 0.5234646628621243]","[0.19552669696815186, -0.21787519206104694, -0.4599338027101136, 1.0, -0.6206760981637582, 0.13509922946855266, -0.793056121781766, 0.8156332864561736, -0.34002159185822156, 0.31785832713106743, 0.0362000000460334]","[0.5946410847758427, 0.20741863541907413, -0.40889037639313963, -0.6206760981637582, 0.9999999999999998, -0.8363704465577658, 0.8878698213695821, -0.9202506933399418, 0.9212280103475663, -0.6197009651849271, -0.45277433220814334]","[-0.7619982049381551, 0.12139681485733847, 0.7718717038810814, 0.13509922946855266, -0.8363704465577658, 1.0000000000000002, -0.6754417271222508, 0.6751912991714222, -0.852997607655297, 0.7520834165446099, 0.32601818578693237]","[0.183711544915497, -0.11230866179116075, -0.06001117713239559, -0.793056121781766, 0.8878698213695821, -0.6754417271222508, 1.0, -0.9939858836854738, 0.6404028286835417, -0.790164597017339, -0.020650606438718817]","[-0.23814064239446495, 0.003468386601346921, 0.07715686212564778, 0.8156332864561736, -0.9202506933399418, 0.6751912991714222, -0.9939858836854738, 1.0, -0.6957876418646673, 0.7282460567011926, 0.12179631706100932]","[0.8510896631241258, 0.40321321089758383, -0.6621327963057051, -0.34002159185822156, 0.9212280103475663, -0.852997607655297, 0.6404028286835417, -0.6957876418646673, 1.0, -0.39873574170312726, -0.7206306553806395]","[-0.15084687942387032, 0.6392090089396982, 0.2803811795792978, 0.31785832713106743, -0.6197009651849271, 0.7520834165446099, -0.790164597017339, 0.7282460567011926, -0.39873574170312726, 1.0000000000000002, -0.3444181235354369]","[-0.792722029250855, -0.8698789127521452, 0.5234646628621243, 0.0362000000460334, -0.45277433220814334, 0.32601818578693237, -0.020650606438718817, 0.12179631706100932, -0.7206306553806395, -0.3444181235354369, 1.0]",,,,,,,,,,,,,,,,,,,,,,,,,,,,,,,,,,,,,,,,,,,,,,,,,,,,,,,,18.994725450089128,13.496352990274662,8.526546798665361,39.10728979280266,23.484587618064957,117.40812258913239
3,human.4G2I.pdb,human,1,19.048565654191112,26.21828377316811,9.77072706989118,16.112696581092276,1.2252853027609478,17.601576569958613,12.30854829881277,10.261061121675713,19.1776044145971,9.749776905453366,16.03754612442173,,44.85576367958896,22.363150204011657,22.12958219071773,19.72587101439617,35.52560526378641,28.723856688579986,10.401256215177238,12.46247480594847,25.885625321096317,29.489294276491425,24.643034249381248,34.03274229816478,25.759494636585053,12.013159578848013,22.249053898902776,36.33734049629494,44.51945638790406,24.755518060032173,22.882074865068567,16.09502850650609,9.803030350114721,18.657284306095974,19.61189905182046,17.295633762496983,25.941503600024678,17.303304028494,10.297804017723896,15.337121073119135,30.172063791916447,26.239473111237896,18.351986568082093,19.89368687065972,17.653882497562552,13.600300769224647,17.56496454627063,12.305021281097941,10.885487889487381,19.305611721252173,8.862736505257256,15.275761300254956,12.34239183108813,26.829469339339536,35.94615338620206,18.188565018130554,21.81580011231598,18.664621398700195,26.245258601560035,10.07764005012214,23.8847535562699,10.603769815997042,15.937886924329588,24.064586103057472,21.020398635501063,30.214024317790035,18.54259895615533,,,,,,,,,,,,20.42480791128308,5.711612571298346,51.88697134547176,2.457045043679009,34.81181393736428,22.863234279630372,7.154898189614254,14.683270735094561,36.28154495533635,0.7173672642640607,15.738581475688756,50.99529558021749,12.184154188399518,20.740260043026876,42.1226808609241,12.589088002251218,30.078675755664168,27.251298944770085,17.971956120114903,30.913973486865185,38.32657070839052,18.94871400894847,15.565296901625873,48.901643429896744,18.69803943536618,15.42501430496311,59.501521606644005,11.010079462668488,28.916911834633463,45.3339130821806,-2.3236375504211284,18.325887250202403,37.99428332887327,,,,15.77621324309458,11.964251871555557,17.58685993444992,38.88943385499084,52.95733452112847,-22.61087781134489,45.17123082485804,-46.81193443498011,53.6357191462686,12.740654418553989,4.603343379160653,14.486369564759771,-44.57818737187089,52.045907429632905,,13.166126412567655,20.110989810804625,41.74708320522957,57.48031496062992,0.0,2.7559055118110236,5.511811023622047,0.0,11.41732283464567,9.05511811023622,13.779527559055119,21.062942656791733,10.142522456189184,28.21116937660436,14.363739647481545,11.178317505446186,6.55874596243768,20.569401447555112,16.842119614292763,29.94813349101507,38.36170015996844,8.801366854056022,,"[0.9999999999999999, 0.43296120355115975, -0.8828134888918456, 0.3726473129910403, -0.008571054446733265, 0.42116452744161964, -0.6434550383896047, -0.020293776440807768, -0.15724438826955855, 0.7361160394464665, -0.8063673779327942]","[0.43296120355115975, 1.0, 0.04080821013624331, -0.6312782228363071, -0.0237887669808799, 0.27447450226014514, 0.05119147286993783, -0.05201537052631994, -0.13183119098460283, 0.44852533379322995, -0.8813013321442209]","[-0.8828134888918456, 0.04080821013624331, 1.0, -0.7357161874034801, 0.01707274810175032, -0.34183864891699695, 0.7531686137667415, -0.024528271371342888, 0.12529313749250348, -0.5954716020111149, 0.4355057205243035]","[0.3726473129910403, -0.6312782228363071, -0.7357161874034801, 1.0000000000000002, 0.3128705325139066, -0.20018697709119895, -0.36206905021143937, -0.2615546069824564, 0.29571271443097563, -0.04845512824237014, 0.22900927745329722]","[-0.008571054446733265, -0.0237887669808799, 0.01707274810175032, 0.3128705325139066, 1.0000000000000002, -0.9068371384397915, 0.6695724811786853, -0.9971166644650882, 0.9876665479234902, -0.670685776080301, 0.05503192013129798]","[0.42116452744161964, 0.27447450226014514, -0.34183864891699695, -0.20018697709119895, -0.9068371384397915, 0.9999999999999999, -0.8395795469577702, 0.8865365093454034, -0.9611649916152056, 0.9207645729868261, -0.4314762850676912]","[-0.6434550383896047, 0.05119147286993783, 0.7531686137667415, -0.36206905021143937, 0.6695724811786853, -0.8395795469577702, 0.9999999999999999, -0.6759724312635069, 0.7376336975255238, -0.8656651592661212, 0.326391108631631]","[-0.020293776440807768, -0.05201537052631994, -0.024528271371342888, -0.2615546069824564, -0.9971166644650882, 0.8865365093454034, -0.6759724312635069, 0.9999999999999998, -0.9771049172340864, 0.638614809806407, 0.009743971865066241]","[-0.15724438826955855, -0.13183119098460283, 0.12529313749250348, 0.29571271443097563, 0.9876665479234902, -0.9611649916152056, 0.7376336975255238, -0.9771049172340864, 1.0000000000000002, -0.777387889787835, 0.20300671104852075]","[0.7361160394464665, 0.44852533379322995, -0.5954716020111149, -0.04845512824237014, -0.670685776080301, 0.9207645729868261, -0.8656651592661212, 0.638614809806407, -0.777387889787835, 1.0000000000000002, -0.7017372368568426]","[-0.8063673779327942, -0.8813013321442209, 0.4355057205243035, 0.22900927745329722, 0.05503192013129798, -0.4314762850676912, 0.326391108631631, 0.009743971865066241, 0.20300671104852075, -0.7017372368568426, 1.0000000000000002]",,,,,,,,,,,,,,,,,,,,,,,,,,,,,,,,,,,,,,,,,,,,,,,,,,,,,,,,19.01671418374882,13.617068768663424,8.737283720154522,40.53679590334076,24.646994850963274,114.81620924569594
4,human.1DB1.pdb,human,1,19.109415572160522,26.44553461805357,9.866970988524745,16.21375228281095,1.1978271968104601,17.777956937598166,12.358201411074278,10.2566046696914,19.321064839870512,9.826972391801052,16.150809095494193,,45.14375331582089,22.512806975326804,22.263515406717474,19.841231419715438,35.783746344099924,28.85893073888432,10.454087278125066,11.946473575118235,25.769629417237,29.656992191195275,24.789575335003967,34.216909908931854,25.891437756406056,12.092769023894869,22.392051898035398,36.56616794439662,45.02771007194372,25.354475287882916,22.979304604012018,16.217958457169747,9.79322298833015,18.803909851442203,19.671485026203055,17.39617217579589,26.210137864754504,17.670885515603693,10.355006883058197,15.486131486721908,30.362027052919682,26.386852479956264,18.451358695891226,20.622326425719727,17.925854807129657,13.679336328069663,17.638446007457105,12.346138579818092,10.963444406104491,19.61990553169695,9.048807938671816,15.328680922597885,12.353091812215432,27.016208774810863,36.2277203293542,18.54841765716209,21.93466919789774,18.75347550224396,26.443790994092875,10.07263315810535,23.967203426796374,10.40838775610745,15.715567392488454,24.174957779431583,21.11637388022669,30.772128864279498,19.075849988254653,,,,,,,,,,,,20.618541592189327,6.171758867081894,51.970629458876545,2.502371673125673,35.86486975958289,23.194215220321006,7.291572462306085,15.409998232350754,36.354186036974774,0.7882555635011638,16.261819699268266,51.18669917604532,12.357995563704678,21.367775281547637,42.24854487308542,12.732368068296246,31.1085382622903,27.548471426371673,18.16560561677951,31.644070233878608,38.62962716799819,19.11961768859657,16.109109077697404,49.09135199022673,19.658331658231738,15.42676236983206,59.463368472602404,11.620404913672324,29.569458303589805,45.99944886411214,-2.230051686507443,19.066044229750858,38.1425285046829,,,,15.81923838718095,12.067392399363099,17.598091043619373,38.6817904525697,53.022388885705,-22.95846079651921,45.322688401436366,-45.54791415527253,53.553609311468044,12.665352835184656,4.150093213821186,8.306195454825811,-40.42042141129871,52.16877202720962,,13.362211627337354,20.766175983826308,41.99473711918081,57.48031496062992,0.0,2.7559055118110236,6.692913385826772,0.0,11.41732283464567,7.480314960629922,14.173228346456693,21.208861611957225,10.147662365661889,28.40283299643294,14.397748952336508,11.092891928201247,6.756819097048809,20.7233230382583,16.93908985428629,30.621141484804383,36.87009860443647,8.859905202494224,,"[0.9999999999999999, 0.42374543231200584, -0.8793784978944337, 0.37781074042204277, -0.015235450424372389, 0.4365621628895441, -0.6391570251752859, -0.013740413582644023, -0.05108035691146785, 0.7867764084359092, -0.8082258057862194]","[0.42374543231200584, 1.0000000000000002, 0.05847368946863295, -0.6322905284368551, -0.030079786523455363, 0.2527914144948128, 0.07189633218781873, -0.053239854613522736, -0.04729638625437314, 0.39958767623530766, -0.8737045929546033]","[-0.8793784978944337, 0.05847368946863295, 0.9999999999999999, -0.7447039633497722, 0.01383859637108408, -0.3598070026306002, 0.7507647698969145, -0.025674026541911598, 0.0442783942947739, -0.6649736001865979, 0.4322834399309364]","[0.37781074042204277, -0.6322905284368551, -0.7447039633497722, 0.9999999999999999, 0.32018282296900924, -0.1724343360858082, -0.36944773779158196, -0.2622119878750414, 0.3082190768526421, 0.047453468704864256, 0.22378413094135532]","[-0.015235450424372389, -0.030079786523455363, 0.01383859637108408, 0.32018282296900924, 0.9999999999999999, -0.9047492118555399, 0.6691166229384176, -0.9965039865550074, 0.9993542839382773, -0.6265097892347764, 0.08061667198331168]","[0.4365621628895441, 0.2527914144948128, -0.3598070026306002, -0.1724343360858082, -0.9047492118555399, 1.0, -0.8509994796252094, 0.8853236576071852, -0.9194438981674804, 0.8984424063740954, -0.4442857148774121]","[-0.6391570251752859, 0.07189633218781873, 0.7507647698969145, -0.36944773779158196, 0.6691166229384176, -0.8509994796252094, 1.0000000000000002, -0.6795978832721778, 0.6903427080449471, -0.8855877563899218, 0.33017373486388146]","[-0.013740413582644023, -0.053239854613522736, -0.025674026541911598, -0.2622119878750414, -0.9965039865550074, 0.8853236576071852, -0.6795978832721778, 1.0, -0.9946453376427131, 0.5973618243526114, -0.011145943277413377]","[-0.05108035691146785, -0.04729638625437314, 0.0442783942947739, 0.3082190768526421, 0.9993542839382773, -0.9194438981674804, 0.6903427080449471, -0.9946453376427131, 1.0, -0.6541086991026741, 0.1108338862032981]","[0.7867764084359092, 0.39958767623530766, -0.6649736001865979, 0.047453468704864256, -0.6265097892347764, 0.8984424063740954, -0.8855877563899218, 0.5973618243526114, -0.6541086991026741, 1.0, -0.7112557045668793]","[-0.8082258057862194, -0.8737045929546033, 0.4322834399309364, 0.22378413094135532, 0.08061667198331168, -0.4442857148774121, 0.33017373486388146, -0.011145943277413377, 0.1108338862032981, -0.7112557045668793, 1.0]",,,,,,,,,,,,,,,,,,,,,,,,,,,,,,,,,,,,,,,,,,,,,,,,,,,,,,,,19.1099154208163,13.600006799427236,8.645592348349167,39.49872855182353,23.850227112538423,116.65104433563803
5,human.4ITF.pdb,human,1,19.148329621535833,26.45471168253584,10.003767631845696,16.61020550235685,1.329129803649974,17.871075233513327,12.289819290753979,10.032764761999312,18.93875982518721,9.78009784256734,15.333988854050787,,45.14205176612217,22.723559245155418,22.33753139632402,19.981395675688297,35.94834781459558,28.998857373615188,10.594023473691282,11.920068867660707,26.182012936883165,29.42722010739892,24.49811560892902,34.46123600623136,25.785915956653916,11.932219904576929,22.21128638485693,36.38027982815375,44.69844020292448,24.80416240022414,22.22830521302394,16.451336623786737,9.78438343463218,18.689791504610714,19.472104299289796,17.34193792346584,26.058626395931782,17.388127991390117,10.117335618679434,15.811107801813806,30.71761399775232,26.86644026402661,18.630714036436167,20.65100319991155,18.39229397480108,13.5667621348005,17.66359015204536,12.335686555339496,10.890642190033697,19.363480709766804,8.96338921877027,14.283309343029874,12.149266407798725,26.96614162355923,35.9839316217351,18.126168618823534,21.00043163238861,18.753531929485128,26.3056881576993,10.113890799256218,22.655854569735027,10.256718780166551,15.999078080664646,23.330136960497924,21.3354609919692,29.84604398275443,17.355826657165057,,,,,,,,,,,,-20.50492563934394,-20.09159941811023,14.191200896532632,-2.184757785630117,9.159391064713866,43.2868336141887,-7.094316960924944,-10.855538904179319,30.04083514548007,-0.3519669330480379,-10.49446960592864,15.038941205960437,-12.067372822530645,-4.910070070906301,24.069715070834697,-12.351465094263348,4.7727482701776225,38.84011579708936,-17.825867971360104,5.264422033940309,28.00527180666067,-18.840256055737054,-10.103182839621388,17.30467850093341,-19.405404558180358,-10.592028669201671,7.075215315579582,-10.962862148500212,3.370788894922211,20.82167300734822,1.6539755679243102,-6.30168274140318,27.78467648540635,,,,15.869896670602957,12.027474635060646,17.60916731835587,38.741135614048645,52.9327546650067,-21.29995057539431,49.954600259531816,-43.87928158101991,53.95103848429676,12.451301526037755,3.4622185725311523,6.947954880420452,-44.4975287982729,48.73064743040635,,-13.244476058321514,-5.501851839476386,24.24523813379039,57.421875,0.0,2.734375,5.859375,0.0,10.546875,7.03125,16.40625,21.02949957532618,10.290802222903837,28.315597534492472,12.312037776301942,10.677868198887458,6.450220767443213,20.60918264337593,16.76569718947339,30.585037024095108,38.212595489432275,10.476564147656571,,"[1.0000000000000002, 0.4466350992868076, -0.8743337132746247, 0.6031490522931943, 0.0007103942456068421, 0.4525197815678275, -0.626515520832191, -0.01849495441048667, -0.034189909989197534, 0.7264976465045287, -0.5292267861356158]","[0.4466350992868076, 1.0000000000000002, 0.04315635248174704, -0.39766963555089807, -0.0472886920910129, 0.30369785812249506, 0.06885545075215538, -0.05193539519313998, -0.04257900523552026, 0.44654575693006887, -0.9955150352031675]","[-0.8743337132746247, 0.04315635248174704, 1.0, -0.8817096551409453, -0.001721113719386772, -0.36248959224138505, 0.7533625870884291, -0.032180197356425355, 0.03979816023410614, -0.585726081693438, 0.05154863083519627]","[0.6031490522931943, -0.39766963555089807, -0.8817096551409453, 1.0, 0.3231813683608838, -0.06245532590611502, -0.4770823515641575, -0.25786046092115533, 0.2853215650522376, 0.1455461897924334, 0.3142858596983756]","[0.0007103942456068421, -0.0472886920910129, -0.001721113719386772, 0.3231813683608838, 0.9999999999999999, -0.8889633177252998, 0.6528481182467668, -0.9946375928732247, 0.999133593771175, -0.6792782508121008, 0.04796449127815022]","[0.4525197815678275, 0.30369785812249506, -0.36248959224138505, -0.06245532590611502, -0.8889633177252998, 1.0, -0.8362849250525548, 0.8693790425054148, -0.9025043317786212, 0.9399440554651077, -0.3386517944638189]","[-0.626515520832191, 0.06885545075215538, 0.7533625870884291, -0.4770823515641575, 0.6528481182467668, -0.8362849250525548, 1.0, -0.6815008624547827, 0.6838016093119904, -0.856589197144859, 0.0030699664961705182]","[-0.01849495441048667, -0.05193539519313998, -0.032180197356425355, -0.25786046092115533, -0.9946375928732247, 0.8693790425054148, -0.6815008624547827, 0.9999999999999998, -0.9954649778864362, 0.6524748731031794, 0.04801059101859769]","[-0.034189909989197534, -0.04257900523552026, 0.03979816023410614, 0.2853215650522376, 0.999133593771175, -0.9025043317786212, 0.6838016093119904, -0.9954649778864362, 1.0000000000000002, -0.701784681484336, 0.04718748493725651]","[0.7264976465045287, 0.44654575693006887, -0.585726081693438, 0.1455461897924334, -0.6792782508121008, 0.9399440554651077, -0.856589197144859, 0.6524748731031794, -0.701784681484336, 1.0000000000000002, -0.5023944223911053]","[-0.5292267861356158, -0.9955150352031675, 0.05154863083519627, 0.3142858596983756, 0.04796449127815022, -0.3386517944638189, 0.0030699664961705182, 0.04801059101859769, 0.04718748493725651, -0.5023944223911053, 1.0000000000000002]",,,,,,,,,,,,,,,,,,,,,,,,,,,,,,,,,,,,,,,,,,,,,,,,,,,,,,,,19.096903016664715,13.717846039824257,8.52726846912094,40.07258473837421,23.5889113437907,116.33850391783513
