,prot_name,species_name,preparation,Prot_Helix_1_distance,Prot_Helix_2_distance,Prot_Helix_3_distance,Prot_Helix_4_distance,Prot_Helix_5_distance,Prot_Helix_6_distance,Prot_Helix_7_distance,Prot_Helix_8_distance,Prot_Helix_9_distance,Prot_Helix_10_distance,Prot_Helix_11_distance,Prot_Helix_12_distance,Pairwise_sep_between_hel_1_and_hel_2,Pairwise_sep_between_hel_1_and_hel_3,Pairwise_sep_between_hel_1_and_hel_4,Pairwise_sep_between_hel_1_and_hel_5,Pairwise_sep_between_hel_1_and_hel_6,Pairwise_sep_between_hel_1_and_hel_7,Pairwise_sep_between_hel_1_and_hel_8,Pairwise_sep_between_hel_1_and_hel_9,Pairwise_sep_between_hel_1_and_hel_10,Pairwise_sep_between_hel_1_and_hel_11,Pairwise_sep_between_hel_1_and_hel_12,Pairwise_sep_between_hel_2_and_hel_3,Pairwise_sep_between_hel_2_and_hel_4,Pairwise_sep_between_hel_2_and_hel_5,Pairwise_sep_between_hel_2_and_hel_6,Pairwise_sep_between_hel_2_and_hel_7,Pairwise_sep_between_hel_2_and_hel_8,Pairwise_sep_between_hel_2_and_hel_9,Pairwise_sep_between_hel_2_and_hel_10,Pairwise_sep_between_hel_2_and_hel_11,Pairwise_sep_between_hel_2_and_hel_12,Pairwise_sep_between_hel_3_and_hel_4,Pairwise_sep_between_hel_3_and_hel_5,Pairwise_sep_between_hel_3_and_hel_6,Pairwise_sep_between_hel_3_and_hel_7,Pairwise_sep_between_hel_3_and_hel_8,Pairwise_sep_between_hel_3_and_hel_9,Pairwise_sep_between_hel_3_and_hel_10,Pairwise_sep_between_hel_3_and_hel_11,Pairwise_sep_between_hel_3_and_hel_12,Pairwise_sep_between_hel_4_and_hel_5,Pairwise_sep_between_hel_4_and_hel_6,Pairwise_sep_between_hel_4_and_hel_7,Pairwise_sep_between_hel_4_and_hel_8,Pairwise_sep_between_hel_4_and_hel_9,Pairwise_sep_between_hel_4_and_hel_10,Pairwise_sep_between_hel_4_and_hel_11,Pairwise_sep_between_hel_4_and_hel_12,Pairwise_sep_between_hel_5_and_hel_6,Pairwise_sep_between_hel_5_and_hel_7,Pairwise_sep_between_hel_5_and_hel_8,Pairwise_sep_between_hel_5_and_hel_9,Pairwise_sep_between_hel_5_and_hel_10,Pairwise_sep_between_hel_5_and_hel_11,Pairwise_sep_between_hel_5_and_hel_12,Pairwise_sep_between_hel_6_and_hel_7,Pairwise_sep_between_hel_6_and_hel_8,Pairwise_sep_between_hel_6_and_hel_9,Pairwise_sep_between_hel_6_and_hel_10,Pairwise_sep_between_hel_6_and_hel_11,Pairwise_sep_between_hel_6_and_hel_12,Pairwise_sep_between_hel_7_and_hel_8,Pairwise_sep_between_hel_7_and_hel_9,Pairwise_sep_between_hel_7_and_hel_10,Pairwise_sep_between_hel_7_and_hel_11,Pairwise_sep_between_hel_7_and_hel_12,Pairwise_sep_between_hel_8_and_hel_9,Pairwise_sep_between_hel_8_and_hel_10,Pairwise_sep_between_hel_8_and_hel_11,Pairwise_sep_between_hel_8_and_hel_12,Pairwise_sep_between_hel_9_and_hel_10,Pairwise_sep_between_hel_9_and_hel_11,Pairwise_sep_between_hel_9_and_hel_12,Pairwise_sep_between_hel_10_and_hel_11,Pairwise_sep_between_hel_10_and_hel_12,Pairwise_sep_between_hel_11_and_hel_12,COM_helix_x_num_1,COM_helix_y_num_1,COM_helix_z_num_1,COM_helix_x_num_2,COM_helix_y_num_2,COM_helix_z_num_2,COM_helix_x_num_3,COM_helix_y_num_3,COM_helix_z_num_3,COM_helix_x_num_4,COM_helix_y_num_4,COM_helix_z_num_4,COM_helix_x_num_5,COM_helix_y_num_5,COM_helix_z_num_5,COM_helix_x_num_6,COM_helix_y_num_6,COM_helix_z_num_6,COM_helix_x_num_7,COM_helix_y_num_7,COM_helix_z_num_7,COM_helix_x_num_8,COM_helix_y_num_8,COM_helix_z_num_8,COM_helix_x_num_9,COM_helix_y_num_9,COM_helix_z_num_9,COM_helix_x_num_10,COM_helix_y_num_10,COM_helix_z_num_10,COM_helix_x_num_11,COM_helix_y_num_11,COM_helix_z_num_11,COM_helix_x_num_12,COM_helix_y_num_12,COM_helix_z_num_12,dist_between_COM_clamp_1,dist_between_COM_clamp_2,dist_between_COM_clamp_3,Angle_between_COM_and_Calpha_of_hel_1,Angle_between_COM_and_Calpha_of_hel_2,Angle_between_COM_and_Calpha_of_hel_3,Angle_between_COM_and_Calpha_of_hel_4,Angle_between_COM_and_Calpha_of_hel_5,Angle_between_COM_and_Calpha_of_hel_6,Angle_between_COM_and_Calpha_of_hel_7,Angle_between_COM_and_Calpha_of_hel_8,Angle_between_COM_and_Calpha_of_hel_9,Angle_between_COM_and_Calpha_of_hel_10,Angle_between_COM_and_Calpha_of_hel_11,Angle_between_COM_and_Calpha_of_hel_12,COM_x,COM_y,COM_z,Helix,Beta bridge,Strand,Helix-3,Helix-5,Turn,Bend,Other,len_of_hel_1,len_of_hel_2,len_of_hel_3,len_of_hel_4,len_of_hel_5,len_of_hel_6,len_of_hel_7,len_of_hel_8,len_of_hel_9,len_of_hel_10,len_of_hel_11,len_of_hel_12,cos_between_hel_1_and_hel_2,cos_between_hel_1_and_hel_3,cos_between_hel_1_and_hel_4,cos_between_hel_1_and_hel_5,cos_between_hel_1_and_hel_6,cos_between_hel_1_and_hel_7,cos_between_hel_1_and_hel_8,cos_between_hel_1_and_hel_9,cos_between_hel_1_and_hel_10,cos_between_hel_1_and_hel_11,cos_between_hel_1_and_hel_12,cos_between_hel_2_and_hel_3,cos_between_hel_2_and_hel_4,cos_between_hel_2_and_hel_5,cos_between_hel_2_and_hel_6,cos_between_hel_2_and_hel_7,cos_between_hel_2_and_hel_8,cos_between_hel_2_and_hel_9,cos_between_hel_2_and_hel_10,cos_between_hel_2_and_hel_11,cos_between_hel_2_and_hel_12,cos_between_hel_3_and_hel_4,cos_between_hel_3_and_hel_5,cos_between_hel_3_and_hel_6,cos_between_hel_3_and_hel_7,cos_between_hel_3_and_hel_8,cos_between_hel_3_and_hel_9,cos_between_hel_3_and_hel_10,cos_between_hel_3_and_hel_11,cos_between_hel_3_and_hel_12,cos_between_hel_4_and_hel_5,cos_between_hel_4_and_hel_6,cos_between_hel_4_and_hel_7,cos_between_hel_4_and_hel_8,cos_between_hel_4_and_hel_9,cos_between_hel_4_and_hel_10,cos_between_hel_4_and_hel_11,cos_between_hel_4_and_hel_12,cos_between_hel_5_and_hel_6,cos_between_hel_5_and_hel_7,cos_between_hel_5_and_hel_8,cos_between_hel_5_and_hel_9,cos_between_hel_5_and_hel_10,cos_between_hel_5_and_hel_11,cos_between_hel_5_and_hel_12,cos_between_hel_6_and_hel_7,cos_between_hel_6_and_hel_8,cos_between_hel_6_and_hel_9,cos_between_hel_6_and_hel_10,cos_between_hel_6_and_hel_11,cos_between_hel_6_and_hel_12,cos_between_hel_7_and_hel_8,cos_between_hel_7_and_hel_9,cos_between_hel_7_and_hel_10,cos_between_hel_7_and_hel_11,cos_between_hel_7_and_hel_12,cos_between_hel_8_and_hel_9,cos_between_hel_8_and_hel_10,cos_between_hel_8_and_hel_11,cos_between_hel_8_and_hel_12,cos_between_hel_9_and_hel_10,cos_between_hel_9_and_hel_11,cos_between_hel_9_and_hel_12,cos_between_hel_10_and_hel_11,cos_between_hel_10_and_hel_12,cos_between_hel_11_and_hel_12,dist_clamp_1,dist_clamp_2,dist_clamp_3,clamp_angle_1-2,clamp_angle_1-3,clamp_angle_2-3
0,2hb8.pdb,human,0,17.974863012187896,26.547784396352572,9.79182016175229,9.071770125959585,17.886195553042075,12.491443211374971,10.047880096872824,19.06587977060185,9.956600038488256,15.302296738345936,,,43.89425874751098,21.164318119698365,18.94608749723059,34.65707999542645,28.177948553964406,10.176667108153497,12.852143529001978,25.551236751685206,28.293185475754626,24.57856758793849,29.61011065193728,12.027157778370722,22.436851992723362,36.44115347699595,44.85836680275783,24.80834190844277,22.171939047222942,11.330961390362994,18.62655148745125,19.571087329348007,17.363038419010465,26.118991325733123,17.306226524677122,10.307444714638471,24.037637989503995,19.608185479767442,13.405421585877399,18.51853036990999,12.097996711319519,11.535509748100816,12.38126688940997,26.899269156370732,36.05036358050768,18.148397182219753,20.932306808063036,18.634396974763227,26.26529668858988,10.12728115229316,22.705743409381363,10.352184466440022,16.036862292460345,23.4886608776222,21.471867567828962,30.010556467973927,17.15521841882708,,,,,,,,,,,,,,,,,,,,,,19.94717610461662,5.797068655135421,50.36859636245649,2.2737333867555303,35.00668384976437,22.779581271779037,7.287256080856379,14.970307610101043,36.1030268491532,6.091999266687524,18.241216753441755,46.885568319237606,12.498188292814742,30.49124678384177,27.22073812596437,18.048877480780998,31.173148150974338,38.26703297314715,19.141648627569552,15.813702249593884,48.76150882648916,19.69937277057612,15.240562670395745,59.082757686499576,10.999761553814675,29.178824560062278,45.259490452496856,-1.5639269949494203,19.733115827664246,38.38680279845514,,,,,,,15.476206629708667,12.148502780151869,17.45355073189413,28.260897453474048,53.19700043516382,-22.70190247570238,-28.13427041737586,53.8836541749512,14.030841953777484,2.623092412641331,7.676063081615523,-43.763860395526834,48.9729187021942,,,13.349841836086881,20.14779830664463,41.78795306923552,59.21568627450981,0.0,2.7450980392156863,5.88235294117647,0.0,11.372549019607844,5.490196078431373,15.294117647058824,24.544211030830322,9.940971477543236,28.165837387478454,23.672398601917145,6.521272658555337,20.42819500171735,16.889242101785005,30.59231024011746,38.39946381655562,10.18791135898003,,,"[1.0, 0.395446041261004, -0.8664612630638973, 0.18776115480252634, 0.6155334565394931, -0.760843704650375, 0.17836577117309052, -0.2420989744005526, 0.8575457257565997, -0.5027572435862175]","[0.395446041261004, 1.0, 0.07542319312763776, -0.267500700846463, 0.22369135325870393, 0.09535713118841437, -0.06889628477364011, -0.038805291368298515, 0.41607913178732875, -0.9927017551614856]","[-0.8664612630638973, 0.07542319312763776, 0.9999999999999999, -0.5184955565191969, -0.3815147706809946, 0.7561589670983125, -0.024233547847794627, 0.03937612563932589, -0.6007860515305897, 0.04470607858377492]","[0.18776115480252634, -0.267500700846463, -0.5184955565191969, 0.9999999999999998, -0.5925751217825229, 0.1373070375382363, -0.793753780900698, 0.811649209829319, -0.331522143112874, 0.21611517362651983]","[0.6155334565394931, 0.22369135325870393, -0.3815147706809946, -0.5925751217825229, 0.9999999999999998, -0.8595091561837913, 0.8789532766812013, -0.9131712573929561, 0.925895760074143, -0.2812965067230194]","[-0.760843704650375, 0.09535713118841437, 0.7561589670983125, 0.1373070375382363, -0.8595091561837913, 1.0, -0.6724962227841396, 0.6803420890560382, -0.86235553349144, 0.003734707767913789]","[0.17836577117309052, -0.06889628477364011, -0.024233547847794627, -0.793753780900698, 0.8789532766812013, -0.6724962227841396, 0.9999999999999998, -0.9939275794550256, 0.6336550953733804, 0.05339594179652747]","[-0.2420989744005526, -0.038805291368298515, 0.03937612563932589, 0.811649209829319, -0.9131712573929561, 0.6803420890560382, -0.9939275794550256, 1.0000000000000002, -0.6938492512409862, 0.056329138819903375]","[0.8575457257565997, 0.41607913178732875, -0.6007860515305897, -0.331522143112874, 0.925895760074143, -0.86235553349144, 0.6336550953733804, -0.6938492512409862, 1.0, -0.49737433581591]","[-0.5027572435862175, -0.9927017551614856, 0.04470607858377492, 0.21611517362651983, -0.2812965067230194, 0.003734707767913789, 0.05339594179652747, 0.056329138819903375, -0.49737433581591, 1.0000000000000002]",,,,,,,,,,,,,,,,,,,,,,,,,,,,,,,,,,,,,,,,,,,,,,,,,,,,,,,,,19.110123253894784,13.44413149624348,8.506562868285924,37.82407731772344,22.83119024748226,119.34473243479431
1,2has.pdb,human,0,17.911314406711718,26.71949234119165,9.90010051238077,8.879318487513608,18.214043722472955,12.620854570649685,9.851059251915226,18.816924960278705,9.788986510984797,23.15164786812322,15.344731142136423,,43.998209617588,21.278752886311572,19.00298474137557,34.86254498904453,28.26530006823682,10.257647615823252,12.898307341776052,24.45887584901058,37.90616991123652,28.30696603442133,24.58756360129768,29.541437920714575,12.023980405876719,22.388915192318013,36.401941739591614,44.754719905856476,26.561559095825253,13.953200969600257,22.221831059725073,11.370865187226995,18.717048516936487,19.571866710750378,17.367050490417693,26.129731134383402,18.157718760812994,16.805164306195227,10.25340875796495,24.113417106521368,19.560665233907432,13.335881871625917,18.445126882836778,12.48616383872258,22.75728840913136,11.550583144144424,12.431108247010538,26.98892641576094,36.108004850822034,19.379833726675336,18.143898742475823,21.089614201292605,18.62728910345975,26.22131117576807,9.98373767775307,25.957028553064795,22.77663400677981,10.349399691308548,14.590437715081926,32.61312134532154,23.441151253364005,19.691203800086623,40.5779580868206,29.9526553551964,26.16609550905879,18.905540721996953,12.041971347123694,,,,,,,,,,,,19.719881329147313,5.8103936384498285,50.29792962334533,2.5518703215391496,35.553308901404165,22.794096449466164,7.250168674781049,15.28036276577575,35.8892074231728,6.114055195007289,18.582464505492187,46.710572649784865,12.762002299356816,30.81505928987952,27.022370378073315,18.273484482410264,31.293242097704574,38.1546368857113,19.037572980234675,15.90817547628571,48.62802187652806,19.533354449615768,15.373037468764634,58.95167927194671,13.002589011763867,28.988976886256804,46.31448006992857,-4.077627654675171,24.06084129772415,27.114369850512574,-1.5336471403005063,20.0481552242979,38.179431420316924,,,,15.25633080774649,12.007409423283358,17.544590275162502,28.063992558511845,53.28678865588658,-22.051171942481947,-31.040832436891154,54.06141161463428,15.028571456674632,1.500438596567677,6.461189540945852,-48.017871063910356,55.9197582223965,49.05806292133281,,13.359910127174752,20.2764938030907,41.865972785651266,62.20472440944882,0.0,2.7559055118110236,4.724409448818897,0.0,10.236220472440944,4.724409448818897,15.354330708661418,24.335672766218632,9.886658986295464,28.037049086254203,23.891551353125262,6.372244088954671,20.281275461280426,16.798332909040006,30.709638980064295,42.963589369764975,5.251943743202856,10.211077155316534,,"[1.0, 0.38927425568317137, -0.8704822983627156, 0.1932088918656833, 0.5977218189716007, -0.7660237240857575, 0.17532768286208486, -0.23894705450481984, 0.8660722583736591, -0.17515406668435152, -0.511815400970576]","[0.38927425568317137, 1.0, 0.0700642511466624, -0.2573771491182225, 0.25856082887039844, 0.0967314754187085, -0.08698600048186912, -0.059355768790053054, 0.3846426169365248, 0.610965646271599, -0.990510422651811]","[-0.8704822983627156, 0.0700642511466624, 1.0, -0.5223926656242859, -0.33752967800948874, 0.7553430384445577, -0.02126175314547599, 0.01796928048227789, -0.6253125580075495, 0.3411025437513288, 0.06637582737633732]","[0.1932088918656833, -0.2573771491182225, -0.5223926656242859, 0.9999999999999998, -0.625609146305502, 0.13413394235404028, -0.7901898818614527, 0.8258888762782675, -0.30493278209494407, 0.29518065137306543, 0.20181233451841082]","[0.5977218189716007, 0.25856082887039844, -0.33752967800948874, -0.625609146305502, 1.0, -0.8295564019848765, 0.877218830206584, -0.9192479155281744, 0.9175229613145149, -0.6067317218569179, -0.321744577083056]","[-0.7660237240857575, 0.0967314754187085, 0.7553430384445577, 0.13413394235404028, -0.8295564019848765, 0.9999999999999999, -0.6711260150886742, 0.6634468187472967, -0.8794767649575636, 0.7627774781134348, 0.018786514766333712]","[0.17532768286208486, -0.08698600048186912, -0.02126175314547599, -0.7901898818614527, 0.877218830206584, -0.6711260150886742, 1.0, -0.9892658979168204, 0.6254786212239005, -0.7878372344604426, 0.06510627091758416]","[-0.23894705450481984, -0.059355768790053054, 0.01796928048227789, 0.8258888762782675, -0.9192479155281744, 0.6634468187472967, -0.9892658979168204, 0.9999999999999999, -0.6875665077977058, 0.7019045182140475, 0.08083270396826993]","[0.8660722583736591, 0.3846426169365248, -0.6253125580075495, -0.30493278209494407, 0.9175229613145149, -0.8794767649575636, 0.6254786212239005, -0.6875665077977058, 1.0, -0.4381083623682075, -0.4824083200971263]","[-0.17515406668435152, 0.610965646271599, 0.3411025437513288, 0.29518065137306543, -0.6067317218569179, 0.7627774781134348, -0.7878372344604426, 0.7019045182140475, -0.4381083623682075, 0.9999999999999999, -0.5504962923522811]","[-0.511815400970576, -0.990510422651811, 0.06637582737633732, 0.20181233451841082, -0.321744577083056, 0.018786514766333712, 0.06510627091758416, 0.08083270396826993, -0.4824083200971263, -0.5504962923522811, 1.0]",,,,,,,,,,,,,,,,,,,,,,,,,,,,,,,,,,,,,,,,,,,,,,,,,,,,,,,,18.921444030779874,13.353477460216217,8.586339143507884,38.743920338933066,23.72943100561909,117.52664865544786
2,3x36.pdb,human,0,17.919470939080703,26.638732361675746,9.870751134316524,9.171535370367051,18.015219848169643,12.606230878869459,9.792782330111566,18.859382768950795,10.159740419328621,23.024635399389144,15.538396528111777,,44.07600604073862,21.32133690714927,19.161922379113857,34.769067542257844,27.92560814800046,10.251508345656593,12.82186392162258,25.53161572170565,37.978575833844374,28.510143043480753,24.910889187476197,29.560875618443397,11.837527368469468,22.627639272199282,36.24443121951811,44.55759089639192,24.754940294774944,14.126712542265816,22.484204118501054,11.253555596388722,18.692436338124146,19.86207272501425,17.27681828006788,26.02869699133802,17.567050980849263,16.80292305702361,10.296877887860724,24.03508760697737,19.89447233686004,13.381623400535421,18.512217081015443,12.246280819656302,22.715990113715897,11.518959720159694,12.84856264549187,26.850126502517618,35.98069443790458,18.429030977486395,17.623208551733736,21.01727248555763,18.303248973286426,25.90512184115139,10.518324174377614,26.236557841284444,23.342040643252993,10.334284443307869,15.807794133690756,32.44452691276852,23.458203609551823,21.11016943004481,40.49373810277239,29.98774388483267,24.4027117441218,17.605809448774448,12.16142109550761,,,,,,,,,,,,20.206583767645043,-20.169814686217133,-15.605863868255199,2.669687883662333,9.637894436164881,-42.93079878369538,7.260996333872405,-11.099976731216012,-29.91492438852468,6.109210311833655,-7.71201690257182,-19.245452484070302,12.51528685215091,4.3570193893548765,-39.018817969460756,18.86874344316023,4.886084170479611,-27.863584136919965,19.140846272491444,-10.134366104407269,-17.407917894731895,19.78543607452577,-10.581698406028318,-7.103460958326427,11.382959027908505,3.2499084558859863,-20.657954105018177,-3.8195026249338393,-2.2569894031554925,-38.93503199319938,-1.596016180997198,-6.3396363033156335,-27.697226807821753,,,,15.645253323360626,12.365074215619149,17.718060553117418,27.653518673558544,56.759952142880906,-22.052930938494736,-29.203953487770953,53.894399397563646,14.178758533287759,1.2986987195125659,7.427450015343807,-38.808954694601944,55.85801438895438,49.411453673046935,,13.562563110690615,-5.980106231865637,-24.30164458231569,59.6078431372549,0.0,2.7450980392156863,4.705882352941177,0.0,11.76470588235294,6.2745098039215685,14.901960784313726,24.436592977592852,5.3182840912262925,28.32549876749584,23.560100706881492,6.587214630319333,22.094855812643868,16.87775475822189,30.497879856137775,36.550966530434785,5.424275805213859,10.130381709430937,,"[1.0000000000000002, -0.4175101566645057, -0.8555824967702665, 0.17745529848266725, 0.6286388937799959, -0.8093244697785388, 0.19928826004491532, -0.2669585535406794, 0.9035330837295957, -0.18088750432679213, -0.517505334946859]","[-0.4175101566645057, 0.9999999999999999, 0.8163794588386153, -0.5898104979921663, -0.1442407922693826, 0.5006338171105084, -0.013596525666565131, -0.025845012614049305, -0.27725546809112694, 0.5840346828613049, -0.5420114821955074]","[-0.8555824967702665, 0.8163794588386153, 0.9999999999999999, -0.5289971939130784, -0.38591967754240336, 0.7200581950953534, -0.021979932426946423, 0.04505991870828353, -0.670893785319456, 0.34663514250915606, 0.04258514137493755]","[0.17745529848266725, -0.5898104979921663, -0.5289971939130784, 1.0000000000000002, -0.5787310899947622, 0.20448260119399822, -0.7935589936299307, 0.8036091573395088, -0.23508172424163062, 0.3005210871054124, 0.22871709059369802]","[0.6286388937799959, -0.1442407922693826, -0.38591967754240336, -0.5787310899947622, 0.9999999999999999, -0.9143805755501955, 0.8843048364162074, -0.9172512396684803, 0.8998569097086281, -0.6610153058434278, -0.2880105109778377]","[-0.8093244697785388, 0.5006338171105084, 0.7200581950953534, 0.20448260119399822, -0.9143805755501955, 1.0, -0.6940651308405855, 0.7214197021412574, -0.9432208732951278, 0.6990373630058979, 0.1630095657622398]","[0.19928826004491532, -0.013596525666565131, -0.021979932426946423, -0.7935589936299307, 0.8843048364162074, -0.6940651308405855, 1.0, -0.9946190080526252, 0.5930947513934984, -0.7832976527167972, 0.01880101408243109]","[-0.2669585535406794, -0.025845012614049305, 0.04505991870828353, 0.8036091573395088, -0.9172512396684803, 0.7214197021412574, -0.9946190080526252, 1.0, -0.6520164602769106, 0.7335039633327989, 0.0831551927170302]","[0.9035330837295957, -0.27725546809112694, -0.670893785319456, -0.23508172424163062, 0.8998569097086281, -0.9432208732951278, 0.5930947513934984, -0.6520164602769106, 1.0000000000000002, -0.4368166861213066, -0.4805917783518479]","[-0.18088750432679213, 0.5840346828613049, 0.34663514250915606, 0.3005210871054124, -0.6610153058434278, 0.6990373630058979, -0.7832976527167972, 0.7335039633327989, -0.4368166861213066, 1.0, -0.5271138278563811]","[-0.517505334946859, -0.5420114821955074, 0.04258514137493755, 0.22871709059369802, -0.2880105109778377, 0.1630095657622398, 0.01880101408243109, 0.0831551927170302, -0.4805917783518479, -0.5271138278563811, 1.0]",,,,,,,,,,,,,,,,,,,,,,,,,,,,,,,,,,,,,,,,,,,,,,,,,,,,,,,,19.26725843874745,13.641179691916895,8.575390523956512,38.4802003308129,23.027166305340046,118.49263336384702
3,2ham.pdb,human,0,18.004472517865743,26.440243319922562,9.792946238783466,8.921881497853937,17.958793273890066,12.486844019834088,9.997164614701811,18.89800950376847,9.771866157367834,22.985371382637258,15.189553577510223,,43.829825211463906,21.211520985610296,18.93806681761917,34.738473688775,28.179197927724477,10.224844714551162,12.83900842165082,24.386830704393283,37.83375751546085,28.217258982574947,24.45805479337768,29.399427608765535,12.013174346966592,22.333297369922473,36.27771387883484,44.561227691270595,26.477664761621256,13.814313198281214,22.035427590109368,11.328823510694118,18.644093940432146,19.50590154784591,17.330325766805196,26.020468172430533,18.128222150687762,16.802728901758893,10.224525906275852,24.007108695132167,19.516189801061742,13.33108594415611,18.372523810284815,12.499805511128642,22.71636268123998,11.488300456993333,12.343668955242077,26.881595155553835,35.93096771259877,19.272234841323737,18.114626728165312,20.951457710727798,18.570043070003223,26.117174143995538,9.94071007195062,25.911056053137678,22.653362014730078,10.289312623681028,14.55607374197332,32.57654344307133,23.373591538589235,19.602122472480378,40.465115266886535,29.818017536383486,26.14920775094327,18.834555896100216,12.02636892100317,,,,,,,,,,,,19.703890832530877,5.705437272542416,50.20307126182671,2.4627103477390917,35.17666673651845,22.721406329730932,7.260854652588503,15.078342690282508,35.80695660620766,6.1177462552429045,18.391653653445022,46.579955993089705,12.71023569597497,30.560759467210453,26.963809211239116,18.229150989475578,31.059416102713403,37.99372665515686,19.046564800225557,15.765013429575577,48.4941828907537,19.513630996735266,15.274288356982185,58.76116844343896,13.017980233215363,28.80558818266165,46.15348619759891,-4.098532941070218,23.80790617560025,27.026823725730104,-1.4734055581897134,19.88017284405786,38.08644245894206,,,,15.280115122280808,12.001506094163853,17.355901153492546,28.571966473690683,53.236142666818324,-22.2227272996745,-30.17581528204256,53.999373268760806,14.630492109270426,2.678203054579278,6.236623920537668,-48.106301065522054,55.93619541011002,49.08672023850984,,13.302254842874563,20.1659876598653,41.59652899456189,62.20472440944882,0.0,2.7559055118110236,4.724409448818897,0.0,11.023622047244094,4.330708661417323,14.960629921259844,24.36590610499531,9.849826139792077,27.9038180708514,23.86254210649489,6.369710475439714,20.175818794257182,16.769226438849994,30.87413849811463,42.97151036220497,5.176686837818627,10.106132143336307,,"[1.0000000000000002, 0.3882071202524624, -0.871514498062439, 0.1912153011825599, 0.6039729572496265, -0.7678626445589628, 0.17447482045711163, -0.23269259916627408, 0.86797316603189, -0.17122520915442216, -0.508801744870693]","[0.3882071202524624, 1.0000000000000002, 0.07090578125500742, -0.2622695624644048, 0.25275366838823304, 0.09620945708421956, -0.08150730494971042, -0.06355439143998391, 0.3901171303962706, 0.6059937191627717, -0.990874089242009]","[-0.871514498062439, 0.07090578125500742, 0.9999999999999999, -0.5183187872800952, -0.3518173999969061, 0.7600151014965211, -0.021927712254418454, 0.01347790970635534, -0.6282281284980635, 0.3355455092345661, 0.062168412238337814]","[0.1912153011825599, -0.2622695624644048, -0.5183187872800952, 1.0, -0.6176861536929621, 0.1313508871507361, -0.792420801671157, 0.8305949352296623, -0.3044957619607315, 0.3039624984743562, 0.21258352216908688]","[0.6039729572496265, 0.25275366838823304, -0.3518173999969061, -0.6176861536929621, 1.0, -0.8351629929089508, 0.8760185997779203, -0.9145045191486706, 0.9183770778564107, -0.6163812681076463, -0.32048320653581824]","[-0.7678626445589628, 0.09620945708421956, 0.7600151014965211, 0.1313508871507361, -0.8351629929089508, 0.9999999999999999, -0.6663421094834358, 0.6546019572735093, -0.8769774278663613, 0.759309067493185, 0.020027565747250748]","[0.17447482045711163, -0.08150730494971042, -0.021927712254418454, -0.792420801671157, 0.8760185997779203, -0.6663421094834358, 0.9999999999999998, -0.9894760464709959, 0.621167464801123, -0.7910011351315842, 0.05539276547883498]","[-0.23269259916627408, -0.06355439143998391, 0.01347790970635534, 0.8305949352296623, -0.9145045191486706, 0.6546019572735093, -0.9894760464709959, 1.0, -0.6797900702773554, 0.7045767162347563, 0.08861915611987277]","[0.86797316603189, 0.3901171303962706, -0.6282281284980635, -0.3044957619607315, 0.9183770778564107, -0.8769774278663613, 0.621167464801123, -0.6797900702773554, 1.0000000000000002, -0.4330500888487971, -0.488872724536148]","[-0.17122520915442216, 0.6059937191627717, 0.3355455092345661, 0.3039624984743562, -0.6163812681076463, 0.759309067493185, -0.7910011351315842, 0.7045767162347563, -0.4330500888487971, 0.9999999999999999, -0.5442926472833355]","[-0.508801744870693, -0.990874089242009, 0.062168412238337814, 0.21258352216908688, -0.32048320653581824, 0.020027565747250748, 0.05539276547883498, 0.08861915611987277, -0.488872724536148, -0.5442926472833355, 1.0000000000000002]",,,,,,,,,,,,,,,,,,,,,,,,,,,,,,,,,,,,,,,,,,,,,,,,,,,,,,,,18.813134617672535,13.255533742218224,8.453800586756538,38.280805537788964,23.272230329822133,118.4469641323889
4,3ogt.pdb,human,0,18.082437540933256,26.59966074876024,10.140773812881033,9.35238077952696,17.90949254046708,12.343693692321857,9.902318970783496,18.98531433450286,9.894083189120858,15.613508274525769,,,43.95577665422729,21.20020650165609,19.005562621112208,34.76727536515583,27.966795498098474,10.277593599629267,12.831443847705735,25.703597954633373,28.386476959820644,24.619191928012906,29.69145230014803,12.022827719860524,23.236451437100882,36.40582882938288,44.899572565065256,24.82190259281286,22.191989610650122,11.392744519313213,18.74249008284092,20.01353671164247,17.34232996267633,26.10453749831173,17.425635198281704,10.359362131408835,24.197883715483528,19.920216624533097,13.391660077902957,18.481920213835856,12.216370817670217,11.58555548014121,13.092640962339742,26.918374215859377,36.14931715832385,18.241690863357803,21.040372993517554,18.29152178389898,25.940624052798377,10.401644057425496,23.332507976310154,10.384638193577702,16.071861383386366,23.48686693490052,21.568438270031066,30.02044480499317,17.21498398573808,,,,,,,,,,,,,,,,,,,,,,20.06455504638383,5.751946385185586,50.57335878303363,2.2322077158446176,34.9045234889877,22.92837844000939,7.308877891324461,14.868635382334292,36.303550173314115,6.080765512736334,18.15721526413625,47.141982256826346,12.507482250923454,30.483756125390414,27.335637852292734,18.73967771245658,31.100665273676686,38.8333076249355,19.15101069001752,15.856840223055618,48.934613093956784,19.691777065613095,15.167998724875252,59.282259180334236,10.948515934662904,29.236093972482962,45.46771574566389,-1.5902979073913923,19.65345226037668,38.589721933444594,,,,,,,15.77282174350103,12.481513745931597,17.756176414281786,28.131878261490826,53.1927726143473,-21.058175685827884,-25.44558249821945,53.94084436353154,12.933812321613207,2.1791725114316516,7.174227158430153,-44.158204412861764,49.342571785942845,,,13.618346316347832,20.341395411921717,42.05461958484073,59.6078431372549,0.0,2.7450980392156863,6.2745098039215685,0.0,12.941176470588237,4.313725490196078,14.117647058823529,24.56667233158367,9.9789625270875,28.25877345800469,23.967265726892705,6.5178991350374575,22.120256234840745,16.89409603154063,30.741105334774097,38.40198947687038,10.196605072874384,,,"[0.9999999999999998, 0.3929717105806955, -0.8647100336261914, 0.18817068628097736, 0.6299942267744386, -0.8046472664786561, 0.1821310183394378, -0.24846093019016618, 0.8628834400213136, -0.5015506017545454]","[0.3929717105806955, 0.9999999999999999, 0.07652272597509513, -0.2683692557269672, 0.2042337425812566, -0.048583742731618265, -0.06405393217995027, -0.03837434489365545, 0.41428624735616937, -0.9925258160986697]","[-0.8647100336261914, 0.07652272597509513, 1.0, -0.5289004000294989, -0.3975270497558531, 0.7150068019790052, -0.012858968894587153, 0.03384653687018071, -0.6006600405183686, 0.045016985710774685]","[0.18817068628097736, -0.2683692557269672, -0.5289004000294989, 1.0, -0.5684230864142761, 0.21061048530243914, -0.7943622489120178, 0.8076563285566023, -0.3213566835225601, 0.21525922080035834]","[0.6299942267744386, 0.2042337425812566, -0.3975270497558531, -0.5684230864142761, 1.0, -0.9218155945267216, 0.8752720444296145, -0.9087631605663985, 0.9263677237619109, -0.26464919957019284]","[-0.8046472664786561, -0.048583742731618265, 0.7150068019790052, 0.21061048530243914, -0.9218155945267216, 1.0000000000000002, -0.6925975242194569, 0.7188752562261969, -0.9286341876382334, 0.1447720801243555]","[0.1821310183394378, -0.06405393217995027, -0.012858968894587153, -0.7943622489120178, 0.8752720444296145, -0.6925975242194569, 1.0, -0.9943360946674594, 0.6299494100552222, 0.04947719670468854]","[-0.24846093019016618, -0.03837434489365545, 0.03384653687018071, 0.8076563285566023, -0.9087631605663985, 0.7188752562261969, -0.9943360946674594, 1.0, -0.691155527135472, 0.055701812176798184]","[0.8628834400213136, 0.41428624735616937, -0.6006600405183686, -0.3213566835225601, 0.9263677237619109, -0.9286341876382334, 0.6299494100552222, -0.691155527135472, 1.0, -0.4967246444581409]","[-0.5015506017545454, -0.9925258160986697, 0.045016985710774685, 0.21525922080035834, -0.26464919957019284, 0.1447720801243555, 0.04947719670468854, 0.055701812176798184, -0.4967246444581409, 1.0]",,,,,,,,,,,,,,,,,,,,,,,,,,,,,,,,,,,,,,,,,,,,,,,,,,,,,,,,,19.140529533164408,13.469810966013899,8.540202420123316,37.93267066868469,22.93941980862991,119.12790952268539
5,4itf.pdb,human,0,18.190719664419785,26.522545110601254,9.991907934414677,9.089386283809178,17.94206834821172,12.191036697590299,9.95505228355602,18.893017881562013,9.870195554897093,15.328115653929364,,,44.04164629353428,21.380238183535184,19.102297255050388,34.92638919975706,27.445079014871308,10.279191582137393,12.76425490624183,25.746118021685476,28.328474831451818,24.52107874423726,29.544635942426723,11.886648313214854,23.79868773547234,36.35766193957236,44.71631842111797,24.753383322193212,22.22840064824709,11.381471450630189,18.65820954527973,19.86123790020479,17.320725776412147,26.064401374274063,17.398832093976445,10.19882224737879,24.03748874961005,19.71044149172922,13.332975964927945,18.441033195445872,12.142956550485584,11.45915731233074,13.529316134241101,26.944434691932834,36.005461933474145,18.137082637508534,20.951506632220717,17.75085853515065,25.25931422133691,10.514060189195602,23.490858599524056,10.283667424181571,16.06358598452943,23.32191638016761,21.423161491161867,29.847595368950472,17.23786341665067,,,,,,,,,,,,,,,,,,,,,,-19.800304977017973,-20.138569486401895,15.504127855801945,-2.1750306585080676,9.100813870778921,43.326327163798325,-7.120084330510086,-10.899198459832235,30.028611053973094,-5.911204125042663,-7.5601116875611165,19.215332154509568,-12.282138206788805,4.685541796492302,38.894154148271426,-19.132041494581745,4.667850414413059,27.227067664357794,-18.870246534008228,-10.065745076144117,17.33032041820756,-19.465185821506083,-10.558604028365833,7.075713990431812,-10.862357989605885,3.405231063283319,20.858112588074814,1.6599719488688593,-6.253338869269791,27.717209827585542,,,,,,,15.723377822992664,12.083924823881839,17.538547638335416,28.896145056709525,52.98571598066733,-21.018529059899983,-26.755848547550762,54.074477207893366,2.7460344899417395,3.163404422976776,6.942585905349125,-44.07475697385536,48.927696376930385,,,-13.24432573740682,-5.57003212603584,24.203503540235552,60.23622047244095,0.0,2.7559055118110236,5.905511811023622,0.0,9.05511811023622,5.511811023622047,16.535433070866144,24.27595210437887,10.235381538535197,28.189507747041986,23.48907449803501,6.326500030883038,24.08369163635189,16.686476218497123,30.588478169226843,38.211845792055065,10.378269352539762,,,"[1.0000000000000002, 0.4407011668536056, -0.8593376472012418, 0.19159667276585365, 0.6305849405579574, -0.8628581276564953, 0.17998130602893045, -0.2400641605487839, 0.8527323261661851, -0.5210721326916294]","[0.4407011668536056, 1.0000000000000002, 0.04015561827674851, -0.2433265157804838, 0.2926630974015631, -0.08399767417972137, -0.061431874755433574, -0.03482707228207238, 0.4427544644789496, -0.9957135356396649]","[-0.8593376472012418, 0.04015561827674851, 0.9999999999999999, -0.5256919184412782, -0.37181561903427934, 0.8153746206184753, -0.024593211508087746, 0.04069621473407846, -0.589780068897036, 0.052171655489069615]","[0.19159667276585365, -0.2433265157804838, -0.5256919184412782, 1.0, -0.592094244067145, 0.06292343936433606, -0.7929549898102066, 0.8065836282928072, -0.3348501346639581, 0.2003664421283275]","[0.6305849405579574, 0.2926630974015631, -0.37181561903427934, -0.592094244067145, 1.0, -0.8357206682764319, 0.8644302366345703, -0.9008332358131318, 0.9401073546298996, -0.332897879893085]","[-0.8628581276564953, -0.08399767417972137, 0.8153746206184753, 0.06292343936433606, -0.8357206682764319, 1.0, -0.5787969202419951, 0.6036204410186117, -0.9090830889517976, 0.16315066176054877]","[0.17998130602893045, -0.061431874755433574, -0.024593211508087746, -0.7929549898102066, 0.8644302366345703, -0.5787969202419951, 1.0000000000000002, -0.9951672138278037, 0.6438311224587009, 0.05219354714068866]","[-0.2400641605487839, -0.03482707228207238, 0.04069621473407846, 0.8065836282928072, -0.9008332358131318, 0.6036204410186117, -0.9951672138278037, 1.0, -0.6990230935444716, 0.04550038905050762]","[0.8527323261661851, 0.4427544644789496, -0.589780068897036, -0.3348501346639581, 0.9401073546298996, -0.9090830889517976, 0.6438311224587009, -0.6990230935444716, 1.0, -0.5015149382813683]","[-0.5210721326916294, -0.9957135356396649, 0.052171655489069615, 0.2003664421283275, -0.332897879893085, 0.16315066176054877, 0.05219354714068866, 0.04550038905050762, -0.5015149382813683, 1.0000000000000002]",,,,,,,,,,,,,,,,,,,,,,,,,,,,,,,,,,,,,,,,,,,,,,,,,,,,,,,,,19.0147201238945,13.654200205360633,8.486296756307103,40.023530186174064,23.5592967422497,116.41717307157624
6,1s19.pdb,human,0,18.149038233278347,26.516516773000653,9.862163952800561,9.257731662307854,17.867236053464882,12.531040326484632,10.15149157399848,19.264194711562997,10.089357771810523,15.37167578326564,,,44.080215807080705,21.228379298518853,19.06691809340255,34.83037662308116,27.917860450208057,10.221162000332205,12.922539317743212,25.502284932174273,28.344728587324102,24.8101384916354,29.716822765144457,12.042528915189068,23.280620787549175,36.518567918887165,44.97943700395562,25.256129188296537,22.406820380060292,11.389123817751338,18.84022740061351,20.091527350522576,17.406527428228298,26.237946676930097,17.778337366528508,10.268142168966218,24.213186994084015,19.989397199489016,13.488464283708844,18.64450236596188,12.375956598123535,11.549831513331698,13.129035652516798,27.00736519793986,36.22459252941024,18.576808530113027,21.150511223426165,18.30381659902075,25.925995348715702,10.428296079698097,23.521296006961286,10.43190973948376,15.855438091339495,23.534070204288284,21.199049685709628,30.140419472363185,17.820155334526525,,,,,,,,,,,,,,,,,,,,,,19.984773484357216,6.154237079397349,50.4950543825072,2.57902347884989,35.96589060729468,23.08391419686013,7.331728197444311,15.457366541308275,36.2123265329667,6.086402632944964,18.74332671054008,47.04578264543133,12.764412301921562,31.185336269617647,27.376542461749683,19.10370138403844,31.520776971429562,38.868821201581,19.20430483870425,16.222853632079847,48.91835465039722,19.766468646397172,15.595216770986848,59.31618060761797,11.566065293583225,29.776641222831433,45.861059168367866,-1.5019418047429443,20.18540192192999,38.458812529840166,,,,,,,15.710825047393474,12.321918687202926,17.525891581811617,28.894905417311957,53.212495343321926,-22.855901238911798,-26.719576295290505,53.76330167808622,13.255064165964496,2.90526673187113,8.366225005478771,-39.78266433120711,49.555346781250186,,,13.483092341415203,20.722910669210982,41.84233914727738,59.4488188976378,0.0,2.7559055118110236,5.905511811023622,0.0,12.204724409448819,5.118110236220472,14.566929133858267,24.586301900859084,9.914879921652048,28.31812303131827,23.81101302132947,6.593222779405148,22.1788410899479,16.994790947002596,30.680930063530138,36.90173966400726,10.068550355580127,,,"[1.0000000000000002, 0.40215141936150256, -0.8633826232050893, 0.18044815752525228, 0.6101336299769183, -0.8110291734993851, 0.18260860109129906, -0.2526055471328729, 0.8929384965473811, -0.5229641842303735]","[0.40215141936150256, 1.0000000000000002, 0.07216820966322728, -0.2626604690156578, 0.2308447412387984, -0.0672693549351388, -0.06471984102503353, -0.04462998553638244, 0.3862137177674874, -0.9905708734594451]","[-0.8633826232050893, 0.07216820966322728, 0.9999999999999999, -0.5166442794477839, -0.36645379019336255, 0.7213970970217156, -0.021234736774581, 0.04230823284405771, -0.6623449903996979, 0.05783441687246419]","[0.18044815752525228, -0.2626604690156578, -0.5166442794477839, 1.0, -0.6072369752059399, 0.2176446663302257, -0.7987125217688399, 0.8131042568873431, -0.259791276020794, 0.23202368625160552]","[0.6101336299769183, 0.2308447412387984, -0.36645379019336255, -0.6072369752059399, 1.0, -0.90500055784395, 0.8834021730807163, -0.9199742053968517, 0.9001738726505557, -0.31802530272336693]","[-0.8110291734993851, -0.0672693549351388, 0.7213970970217156, 0.2176446663302257, -0.90500055784395, 0.9999999999999999, -0.6883229327864584, 0.7169578099485431, -0.9458756204910033, 0.19122670583113596]","[0.18260860109129906, -0.06471984102503353, -0.021234736774581, -0.7987125217688399, 0.8834021730807163, -0.6883229327864584, 1.0, -0.9935996046443127, 0.5950068012351624, 0.01781074240541339]","[-0.2526055471328729, -0.04462998553638244, 0.04230823284405771, 0.8131042568873431, -0.9199742053968517, 0.7169578099485431, -0.9935996046443127, 0.9999999999999999, -0.6574549082855714, 0.09428206919562009]","[0.8929384965473811, 0.3862137177674874, -0.6623449903996979, -0.259791276020794, 0.9001738726505557, -0.9458756204910033, 0.5950068012351624, -0.6574549082855714, 1.0000000000000002, -0.4992832316425924]","[-0.5229641842303735, -0.9905708734594451, 0.05783441687246419, 0.23202368625160552, -0.31802530272336693, 0.19122670583113596, 0.01781074240541339, 0.09428206919562009, -0.4992832316425924, 1.0]",,,,,,,,,,,,,,,,,,,,,,,,,,,,,,,,,,,,,,,,,,,,,,,,,,,,,,,,,19.08563711491063,13.549461623378079,8.451233962609631,38.6048719878658,22.903185842956013,118.49194216917819
